    1   0.397840E+31   0.636207E+07   0.772765E+10   0.368829E+10  -0.475963E+07   0.442835E+00
    2   0.812411E+31   0.809460E+07   0.773038E+10   0.362709E+10  -0.605538E+07   0.442986E+00
    3   0.133371E+32   0.957844E+07   0.773265E+10   0.357193E+10  -0.716491E+07   0.443123E+00
    4   0.198920E+32   0.109811E+08   0.773485E+10   0.351363E+10  -0.821350E+07   0.443269E+00
    5   0.337759E+32   0.131842E+08   0.773773E+10   0.342575E+10  -0.985983E+07   0.443494E+00
    6   0.497300E+32   0.150940E+08   0.774046E+10   0.332017E+10  -0.112864E+08   0.443770E+00
    7   0.596760E+32   0.160977E+08   0.774194E+10   0.324109E+10  -0.120358E+08   0.443981E+00
    8   0.745950E+32   0.174296E+08   0.774280E+10   0.317026E+10  -0.130300E+08   0.444174E+00
    9   0.895140E+32   0.186113E+08   0.774323E+10   0.309251E+10  -0.139118E+08   0.444391E+00
   10   0.104433E+33   0.196832E+08   0.774310E+10   0.302031E+10  -0.147113E+08   0.444597E+00
   11   0.119352E+33   0.206707E+08   0.774249E+10   0.295260E+10  -0.154476E+08   0.444795E+00
   12   0.151179E+33   0.225692E+08   0.774060E+10   0.285222E+10  -0.168624E+08   0.445098E+00
   13   0.183006E+33   0.242611E+08   0.773655E+10   0.272920E+10  -0.181223E+08   0.445486E+00
   14   0.214834E+33   0.258053E+08   0.773094E+10   0.261648E+10  -0.192713E+08   0.445861E+00
   15   0.246661E+33   0.272383E+08   0.772392E+10   0.251204E+10  -0.203367E+08   0.446228E+00
   16   0.278488E+33   0.285845E+08   0.771557E+10   0.241448E+10  -0.213368E+08   0.446592E+00
   17   0.310315E+33   0.298612E+08   0.770595E+10   0.232278E+10  -0.222845E+08   0.446954E+00
   18   0.342142E+33   0.310809E+08   0.769510E+10   0.223618E+10  -0.231891E+08   0.447317E+00
   19   0.373970E+33   0.322532E+08   0.768309E+10   0.215406E+10  -0.240579E+08   0.447683E+00
   20   0.405797E+33   0.333858E+08   0.766995E+10   0.207596E+10  -0.248964E+08   0.448053E+00
   21   0.437624E+33   0.344846E+08   0.765572E+10   0.200147E+10  -0.257091E+08   0.448428E+00
   22   0.469451E+33   0.355544E+08   0.764043E+10   0.193027E+10  -0.264997E+08   0.448808E+00
   23   0.501278E+33   0.365993E+08   0.762410E+10   0.186209E+10  -0.272711E+08   0.449195E+00
   24   0.533106E+33   0.376228E+08   0.760679E+10   0.179669E+10  -0.280259E+08   0.449588E+00
   25   0.564933E+33   0.386277E+08   0.758853E+10   0.173387E+10  -0.287661E+08   0.449988E+00
   26   0.596760E+33   0.396165E+08   0.756938E+10   0.167345E+10  -0.294936E+08   0.450392E+00
   27   0.628587E+33   0.405914E+08   0.754941E+10   0.161528E+10  -0.302100E+08   0.450803E+00
   28   0.660414E+33   0.415542E+08   0.752868E+10   0.155922E+10  -0.309167E+08   0.451217E+00
   29   0.692242E+33   0.425067E+08   0.750723E+10   0.150515E+10  -0.316149E+08   0.451636E+00
   30   0.724069E+33   0.434504E+08   0.748512E+10   0.145295E+10  -0.323057E+08   0.452057E+00
   31   0.755896E+33   0.443866E+08   0.746241E+10   0.140254E+10  -0.329901E+08   0.452480E+00
   32   0.819550E+33   0.462414E+08   0.741538E+10   0.130668E+10  -0.343430E+08   0.453330E+00
   33   0.883205E+33   0.480799E+08   0.736659E+10   0.121696E+10  -0.356800E+08   0.454178E+00
   34   0.936250E+33   0.496049E+08   0.732078E+10   0.113975E+10  -0.367857E+08   0.454945E+00
   35   0.978686E+33   0.508231E+08   0.728686E+10   0.108627E+10  -0.376667E+08   0.455496E+00
   36   0.104234E+34   0.526519E+08   0.723957E+10   0.101614E+10  -0.389854E+08   0.456239E+00
   37   0.110600E+34   0.544875E+08   0.718757E+10   0.944119E+09  -0.403041E+08   0.457023E+00
   38   0.116965E+34   0.563354E+08   0.713543E+10   0.876321E+09  -0.416261E+08   0.457775E+00
   39   0.123330E+34   0.582008E+08   0.708347E+10   0.812455E+09  -0.429551E+08   0.458490E+00
   40   0.129696E+34   0.600891E+08   0.703212E+10   0.752246E+09  -0.442942E+08   0.459164E+00
   41   0.136061E+34   0.620056E+08   0.698163E+10   0.695446E+09  -0.456467E+08   0.459804E+00
   42   0.142427E+34   0.639558E+08   0.693200E+10   0.641832E+09  -0.470159E+08   0.460422E+00
   43   0.148792E+34   0.659455E+08   0.688273E+10   0.591219E+09  -0.484051E+08   0.461040E+00
   44   0.155158E+34   0.679809E+08   0.683287E+10   0.543456E+09  -0.498178E+08   0.461682E+00
   45   0.161523E+34   0.700684E+08   0.678122E+10   0.498424E+09  -0.512573E+08   0.462373E+00
   46   0.167888E+34   0.722149E+08   0.672650E+10   0.456021E+09  -0.527267E+08   0.463136E+00
   47   0.174254E+34   0.744279E+08   0.666715E+10   0.416160E+09  -0.542293E+08   0.464002E+00
   48   0.180619E+34   0.767155E+08   0.660058E+10   0.378673E+09  -0.557680E+08   0.465122E+00
   49   0.186985E+34   0.790865E+08   0.652825E+10   0.343605E+09  -0.573456E+08   0.466329E+00
   50   0.192289E+34   0.811341E+08   0.647441E+10   0.312985E+09  -0.586939E+08   0.467522E+00
   51   0.196533E+34   0.829089E+08   0.701179E+10   0.275094E+09  -0.599226E+08   0.464704E+00
   52   0.202898E+34   0.856937E+08   0.693108E+10   0.249190E+09  -0.618482E+08   0.465854E+00
   53   0.209264E+34   0.886013E+08   0.683681E+10   0.223180E+09  -0.638236E+08   0.467180E+00
   54   0.215629E+34   0.916432E+08   0.673560E+10   0.199351E+09  -0.658479E+08   0.468571E+00
   55   0.221995E+34   0.948316E+08   0.662824E+10   0.177565E+09  -0.679190E+08   0.470002E+00
   56   0.224965E+34   0.963728E+08   0.656056E+10   0.165369E+09  -0.689002E+08   0.470866E+00
   57   0.228360E+34   0.981797E+08   0.650612E+10   0.156157E+09  -0.700335E+08   0.471550E+00
   58   0.234726E+34   0.101704E+09   0.639899E+10   0.139581E+09  -0.721884E+08   0.472840E+00
   59   0.241091E+34   0.105422E+09   0.627779E+10   0.123143E+09  -0.743760E+08   0.474174E+00
   60   0.247456E+34   0.109351E+09   0.615175E+10   0.108265E+09  -0.765851E+08   0.475408E+00
   61   0.253822E+34   0.113514E+09   0.602044E+10   0.948365E+08  -0.787992E+08   0.476527E+00
   62   0.260187E+34   0.117932E+09   0.588320E+10   0.827536E+08  -0.809962E+08   0.477525E+00
   63   0.266553E+34   0.122634E+09   0.573858E+10   0.719240E+08  -0.831461E+08   0.478431E+00
   64   0.272918E+34   0.127648E+09   0.558720E+10   0.622359E+08  -0.852125E+08   0.479225E+00
   65   0.279284E+34   0.133007E+09   0.542787E+10   0.536295E+08  -0.871525E+08   0.479879E+00
   66   0.285649E+34   0.138745E+09   0.525651E+10   0.460439E+08  -0.889124E+08   0.480413E+00
   67   0.292015E+34   0.144898E+09   0.507358E+10   0.393795E+08  -0.904218E+08   0.480836E+00
   68   0.298380E+34   0.151502E+09   0.487593E+10   0.335684E+08  -0.915914E+08   0.481170E+00
   69   0.304745E+34   0.158598E+09   0.466246E+10   0.285226E+08  -0.923785E+08   0.481438E+00
   70   0.311111E+34   0.166558E+09   0.450607E+10   0.222296E+08  -0.921442E+08   0.497950E+00
   71   0.317476E+34   0.175400E+09   0.425525E+10   0.187979E+08  -0.910600E+08   0.497959E+00
   72   0.323842E+34   0.184906E+09   0.402064E+10   0.156993E+08  -0.900328E+08   0.497968E+00
   73   0.326812E+34   0.189608E+09   0.388634E+10   0.139979E+08  -0.895715E+08   0.497975E+00
   74   0.330207E+34   0.195245E+09   0.379268E+10   0.126822E+08  -0.891154E+08   0.497983E+00
   75   0.336573E+34   0.206671E+09   0.361536E+10   0.104072E+08  -0.881982E+08   0.497988E+00
   76   0.342938E+34   0.219424E+09   0.342785E+10   0.826820E+07  -0.868746E+08   0.497993E+00
   77   0.349304E+34   0.233730E+09   0.323572E+10   0.649804E+07  -0.849198E+08   0.497999E+00
   78   0.355669E+34   0.249785E+09   0.301585E+10   0.508520E+07  -0.821582E+08   0.499976E+00
   79   0.362034E+34   0.267644E+09   0.278064E+10   0.398949E+07  -0.784431E+08   0.499976E+00
   80   0.368400E+34   0.297064E+09   0.297966E+10   0.155847E+07  -0.712494E+08   0.499976E+00
   81   0.374765E+34   0.335779E+09   0.276775E+10   0.123685E+07  -0.626716E+08   0.499976E+00
   82   0.381131E+34   0.373596E+09   0.260021E+10   0.101556E+07  -0.554563E+08   0.499976E+00
   83   0.387496E+34   0.410550E+09   0.246380E+10   0.855626E+06  -0.493512E+08   0.499976E+00
   84   0.393862E+34   0.446683E+09   0.234995E+10   0.735727E+06  -0.441596E+08   0.499976E+00
   85   0.400227E+34   0.482036E+09   0.225299E+10   0.643143E+06  -0.397247E+08   0.499976E+00
   86   0.406592E+34   0.516651E+09   0.216904E+10   0.569842E+06  -0.359195E+08   0.499976E+00
   87   0.412958E+34   0.550574E+09   0.209536E+10   0.510552E+06  -0.326390E+08   0.499976E+00
   88   0.419323E+34   0.583846E+09   0.202992E+10   0.461706E+06  -0.297963E+08   0.499976E+00
   89   0.425689E+34   0.616511E+09   0.197123E+10   0.420830E+06  -0.273203E+08   0.499976E+00
   90   0.432054E+34   0.648610E+09   0.191814E+10   0.386159E+06  -0.251524E+08   0.499976E+00
   91   0.438420E+34   0.680179E+09   0.186976E+10   0.356406E+06  -0.232449E+08   0.499976E+00
   92   0.444785E+34   0.711254E+09   0.182536E+10   0.330611E+06  -0.215586E+08   0.499976E+00
   93   0.451151E+34   0.741867E+09   0.178440E+10   0.308047E+06  -0.200611E+08   0.499976E+00
   94   0.457516E+34   0.772046E+09   0.174639E+10   0.288149E+06  -0.187255E+08   0.499976E+00
   95   0.463881E+34   0.801820E+09   0.171097E+10   0.270476E+06  -0.175297E+08   0.499976E+00
   96   0.470247E+34   0.831213E+09   0.167783E+10   0.254680E+06  -0.164549E+08   0.499976E+00
   97   0.476612E+34   0.860248E+09   0.164669E+10   0.240477E+06  -0.154853E+08   0.499976E+00
   98   0.482978E+34   0.888946E+09   0.161734E+10   0.227641E+06  -0.146075E+08   0.499976E+00
   99   0.489343E+34   0.917328E+09   0.158959E+10   0.215983E+06  -0.138104E+08   0.499976E+00
  100   0.495709E+34   0.945412E+09   0.156327E+10   0.205349E+06  -0.130841E+08   0.499976E+00
  101   0.502074E+34   0.973215E+09   0.153826E+10   0.195609E+06  -0.124204E+08   0.499976E+00
  102   0.508440E+34   0.100075E+10   0.151442E+10   0.186655E+06  -0.118122E+08   0.499976E+00
  103   0.514805E+34   0.102804E+10   0.149165E+10   0.178396E+06  -0.112532E+08   0.499976E+00
