       1 0.00000E+00 4.71065E+06 8.09591E+09 9.13542E+09-4.60090E+06 4.22267E-01
       3 4.11823E-03 7.10002E+06 8.08737E+09 8.82718E+09-6.93160E+06 4.22594E-01
       5 1.00543E-02 9.33810E+06 8.07660E+09 8.48860E+09-9.11132E+06 4.22964E-01
       7 2.01086E-02 1.12900E+07 8.06260E+09 8.10566E+09-1.10088E+07 4.23401E-01
       9 3.22992E-02 1.32372E+07 8.04584E+09 7.70283E+09-1.28981E+07 4.23883E-01
      11 5.02715E-02 1.53552E+07 8.02302E+09 7.22010E+09-1.49480E+07 4.24499E-01
      13 7.03801E-02 1.71077E+07 7.99989E+09 6.78332E+09-1.66400E+07 4.25099E-01
      15 9.04886E-02 1.86421E+07 7.97731E+09 6.39602E+09-1.81180E+07 4.25674E-01
      17 1.10597E-01 2.00304E+07 7.95516E+09 6.04534E+09-1.94524E+07 4.26237E-01
      19 1.30706E-01 2.13139E+07 7.93340E+09 5.72348E+09-2.06839E+07 4.26796E-01
      21 1.50814E-01 2.25191E+07 7.91183E+09 5.42526E+09-2.18379E+07 4.27358E-01
      23 1.70923E-01 2.36636E+07 7.89053E+09 5.14699E+09-2.29320E+07 4.27924E-01
      25 1.91032E-01 2.47605E+07 7.86937E+09 4.88597E+09-2.39786E+07 4.28499E-01
      27 2.11140E-01 2.58193E+07 7.84829E+09 4.64009E+09-2.49872E+07 4.29084E-01
      29 2.31249E-01 2.68474E+07 7.82711E+09 4.40771E+09-2.59649E+07 4.29683E-01
      31 2.51357E-01 2.78507E+07 7.80642E+09 4.18747E+09-2.69175E+07 4.30290E-01
      33 2.71466E-01 2.88341E+07 7.78513E+09 3.97831E+09-2.78496E+07 4.30916E-01
      35 2.91575E-01 2.98014E+07 7.76375E+09 3.77929E+09-2.87650E+07 4.31557E-01
      37 3.11683E-01 3.07563E+07 7.74240E+09 3.58963E+09-2.96670E+07 4.32209E-01
      39 3.31792E-01 3.17015E+07 7.72134E+09 3.40866E+09-3.05585E+07 4.32871E-01
      41 3.51900E-01 3.26397E+07 7.69955E+09 3.23582E+09-3.14417E+07 4.33552E-01
      43 3.72009E-01 3.35732E+07 7.67719E+09 3.07061E+09-3.23190E+07 4.34249E-01
      45 3.92117E-01 3.45041E+07 7.65450E+09 2.91257E+09-3.31922E+07 4.34960E-01
      47 4.12226E-01 3.54343E+07 7.63159E+09 2.76129E+09-3.40631E+07 4.35684E-01
      49 4.32335E-01 3.63656E+07 7.60814E+09 2.61642E+09-3.49334E+07 4.36423E-01
      51 4.52443E-01 3.72998E+07 7.58382E+09 2.47765E+09-3.58045E+07 4.37181E-01
      53 4.72552E-01 3.82384E+07 7.56001E+09 2.34466E+09-3.66778E+07 4.37939E-01
      55 4.92660E-01 3.91832E+07 7.53350E+09 2.21721E+09-3.75548E+07 4.38743E-01
      57 5.12769E-01 4.01355E+07 7.50765E+09 2.09504E+09-3.84369E+07 4.39545E-01
      59 5.32878E-01 4.10972E+07 7.48060E+09 1.97788E+09-3.93252E+07 4.40379E-01
      61 5.52986E-01 4.20696E+07 7.45281E+09 1.86554E+09-4.02211E+07 4.41244E-01
      63 5.73095E-01 4.30545E+07 7.42369E+09 1.75780E+09-4.11260E+07 4.42147E-01
      65 5.93203E-01 4.40534E+07 7.39249E+09 1.65454E+09-4.20410E+07 4.43098E-01
      67 6.13312E-01 4.50681E+07 7.35843E+09 1.55561E+09-4.29674E+07 4.44102E-01
      69 6.33420E-01 4.61004E+07 7.32079E+09 1.46093E+09-4.39063E+07 4.45159E-01
      71 6.53529E-01 4.71519E+07 7.27933E+09 1.37038E+09-4.48590E+07 4.46260E-01
      73 6.73638E-01 4.82245E+07 7.23399E+09 1.28388E+09-4.58264E+07 4.47392E-01
      75 6.93746E-01 4.93200E+07 7.18487E+09 1.20132E+09-4.68098E+07 4.48542E-01
      77 7.13855E-01 5.04405E+07 7.13232E+09 1.12259E+09-4.78101E+07 4.49694E-01
      79 7.33963E-01 5.15881E+07 7.07679E+09 1.04757E+09-4.88288E+07 4.50835E-01
      81 7.54072E-01 5.27650E+07 7.01864E+09 9.76114E+08-4.98670E+07 4.51953E-01
      83 7.74181E-01 5.39737E+07 6.95829E+09 9.08097E+08-5.09262E+07 4.53039E-01
      85 7.94289E-01 5.52167E+07 6.89625E+09 8.43382E+08-5.20079E+07 4.54085E-01
      87 8.14398E-01 5.64972E+07 6.83259E+09 7.81844E+08-5.31138E+07 4.55086E-01
      89 8.34506E-01 5.78182E+07 6.76761E+09 7.23357E+08-5.42456E+07 4.56035E-01
      91 8.54615E-01 5.88310E+07 6.70957E+09 6.74820E+08-5.51067E+07 4.56824E-01
      93 8.63997E-01 5.94155E+07 6.67982E+09 6.50911E+08-5.56011E+07 4.57208E-01
      95 8.74724E-01 6.05968E+07 6.63215E+09 6.15114E+08-5.65940E+07 4.57787E-01
      97 8.94832E-01 6.20628E+07 6.56153E+09 5.65149E+08-5.78147E+07 4.58579E-01
      99 9.14941E-01 6.35866E+07 6.48965E+09 5.17802E+08-5.90690E+07 4.59307E-01
     101 9.35049E-01 6.51743E+07 6.41804E+09 4.72909E+08-6.03601E+07 4.59982E-01
     103 9.50032E-01 6.59502E+07 6.79475E+09 4.33335E+08-6.09979E+07 4.59567E-01
     105 9.58509E-01 6.69041E+07 7.27348E+09 3.96791E+08-6.18283E+07 4.56599E-01
     107 9.75266E-01 6.87698E+07 7.19190E+09 3.61518E+08-6.34472E+07 4.57661E-01
     109 9.95375E-01 7.07276E+07 7.10135E+09 3.25594E+08-6.51187E+07 4.58768E-01
     111 1.01548E+00 7.27869E+07 7.00729E+09 2.92210E+08-6.68445E+07 4.59835E-01
     113 1.03559E+00 7.49580E+07 6.90896E+09 2.61258E+08-6.86256E+07 4.60880E-01
     115 1.05570E+00 7.72528E+07 6.80444E+09 2.32668E+08-7.04615E+07 4.61925E-01
     117 1.07581E+00 7.96844E+07 6.69253E+09 2.06332E+08-7.23504E+07 4.63013E-01
     119 1.09592E+00 8.22678E+07 6.57094E+09 1.82175E+08-7.42871E+07 4.64196E-01
     121 1.11603E+00 8.50195E+07 6.43751E+09 1.60116E+08-7.62629E+07 4.65523E-01
     123 1.13614E+00 8.79579E+07 6.29081E+09 1.40078E+08-7.82639E+07 4.67002E-01
     125 1.15624E+00 9.11038E+07 6.13127E+09 1.21954E+08-8.02705E+07 4.68578E-01
     127 1.17635E+00 9.44814E+07 5.96098E+09 1.05601E+08-8.22575E+07 4.70170E-01
     129 1.19646E+00 9.74935E+07 5.79672E+09 9.20889E+07-8.38741E+07 4.71547E-01
     131 1.20987E+00 1.00046E+08 5.67180E+09 8.30585E+07-8.51232E+07 4.72460E-01
     133 1.22662E+00 1.04141E+08 5.49343E+09 7.16496E+07-8.68877E+07 4.73556E-01
     135 1.24673E+00 1.08597E+08 5.28792E+09 6.05770E+07-8.84656E+07 4.74499E-01
     137 1.26684E+00 1.13458E+08 5.06050E+09 5.08562E+07-8.97545E+07 4.75193E-01
     139 1.28695E+00 1.19194E+08 5.08401E+09 3.66942E+07-9.07118E+07 4.97914E-01
     141 1.30706E+00 1.25880E+08 4.82460E+09 3.02370E+07-9.10172E+07 4.97932E-01
     143 1.32717E+00 1.33137E+08 4.52791E+09 2.49486E+07-9.04680E+07 4.97951E-01
     145 1.34728E+00 1.40994E+08 4.20360E+09 2.05612E+07-8.92763E+07 4.97967E-01
     147 1.36738E+00 1.49534E+08 3.87326E+09 1.67950E+07-8.77097E+07 4.97978E-01
     149 1.38749E+00 1.58924E+08 3.54819E+09 1.34919E+07-8.57680E+07 4.97986E-01
     151 1.40760E+00 1.69423E+08 3.22786E+09 1.05852E+07-8.32116E+07 4.97990E-01
     153 1.42258E+00 1.73723E+08 3.05262E+09 9.11782E+06-8.19891E+07 4.97991E-01
     155 1.42671E+00 1.76153E+08 3.40905E+09 6.81075E+06-8.10628E+07 4.99976E-01
     157 1.42991E+00 1.78696E+08 3.60392E+09 5.20874E+06-8.03917E+07 4.99976E-01
     159 1.43341E+00 1.86012E+08 3.64571E+09 4.03074E+06-7.84174E+07 4.99976E-01
     161 1.44782E+00 2.09873E+08 3.37288E+09 3.19117E+06-7.20901E+07 4.99976E-01
     163 1.46793E+00 2.34200E+08 3.10696E+09 2.50341E+06-6.61109E+07 4.99976E-01
     165 1.48804E+00 2.58950E+08 2.88296E+09 2.00448E+06-6.06338E+07 4.99976E-01
     167 1.50814E+00 2.84120E+08 2.69127E+09 1.63161E+06-5.56415E+07 4.99976E-01
     169 1.52825E+00 3.09709E+08 2.52474E+09 1.34671E+06-5.10968E+07 4.99976E-01
     171 1.54836E+00 3.35714E+08 2.37820E+09 1.12492E+06-4.69631E+07 4.99976E-01
     173 1.56847E+00 3.62134E+08 2.24779E+09 9.49441E+05-4.32046E+07 4.99976E-01
     175 1.58858E+00 3.88971E+08 2.13064E+09 8.08609E+05-3.97880E+07 4.99976E-01
     177 1.60869E+00 4.16225E+08 2.02450E+09 6.94141E+05-3.66816E+07 4.99976E-01
     179 1.62880E+00 4.43900E+08 1.92763E+09 6.00043E+05-3.38566E+07 4.99976E-01
     181 1.64890E+00 4.72003E+08 1.83865E+09 5.21901E+05-3.12865E+07 4.99976E-01
     182 1.65896E+00 4.86217E+08 1.79677E+09 4.87746E+05-3.00894E+07 4.99976E-01
     183 1.66901E+00 5.00542E+08 1.75646E+09 4.56409E+05-2.89470E+07 4.99976E-01
     184 1.67907E+00 5.14977E+08 1.71763E+09 4.27599E+05-2.78567E+07 4.99976E-01
     185 1.68912E+00 5.29526E+08 1.68016E+09 4.01059E+05-2.68159E+07 4.99976E-01
     186 1.69918E+00 5.44189E+08 1.64399E+09 3.76566E+05-2.58221E+07 4.99976E-01
     187 1.70923E+00 5.58969E+08 1.60903E+09 3.53921E+05-2.48731E+07 4.99976E-01
     188 1.71928E+00 5.73868E+08 1.57521E+09 3.32948E+05-2.39665E+07 4.99976E-01
     189 1.72934E+00 5.88887E+08 1.54246E+09 3.13490E+05-2.31003E+07 4.99976E-01
     190 1.73939E+00 6.04030E+08 1.51073E+09 2.95409E+05-2.22726E+07 4.99976E-01
     191 1.74945E+00 6.19300E+08 1.47997E+09 2.78580E+05-2.14813E+07 4.99976E-01
     192 1.75950E+00 6.29549E+08 1.45518E+09 2.65496E+05-2.09715E+07 4.99976E-01
     193 1.76620E+00 6.39858E+08 1.43569E+09 2.55501E+05-2.04765E+07 4.99976E-01
     194 1.77291E+00 6.50329E+08 1.40564E+09 2.43472E+05-1.99968E+07 4.99976E-01
