       1  0.0000     0.74298E+07 0.84263E+10 0.23283E+10-0.53682E+07 0.44681    
       5 0.10054E-01 0.14701E+08 0.83944E+10 0.21834E+10-0.10612E+08 0.44743    
       9 0.32299E-01 0.20785E+08 0.83492E+10 0.20070E+10-0.14986E+08 0.44827    
      13 0.70380E-01 0.26766E+08 0.82849E+10 0.18002E+10-0.19266E+08 0.44939    
      17 0.11060     0.31231E+08 0.82224E+10 0.16337E+10-0.22444E+08 0.45043    
      21 0.15081     0.34989E+08 0.81607E+10 0.14936E+10-0.25106E+08 0.45143    
      25 0.19103     0.38333E+08 0.80991E+10 0.13714E+10-0.27463E+08 0.45239    
      29 0.23125     0.41408E+08 0.80367E+10 0.12627E+10-0.29618E+08 0.45334    
      33 0.27147     0.44296E+08 0.79736E+10 0.11647E+10-0.31631E+08 0.45428    
      37 0.31168     0.47050E+08 0.79106E+10 0.10755E+10-0.33540E+08 0.45519    
      41 0.35190     0.49707E+08 0.78464E+10 0.99387E+09-0.35370E+08 0.45610    
      45 0.39212     0.52294E+08 0.77815E+10 0.91874E+09-0.37141E+08 0.45699    
      49 0.43234     0.54831E+08 0.77158E+10 0.84933E+09-0.38865E+08 0.45787    
      53 0.47255     0.57334E+08 0.76494E+10 0.78500E+09-0.40555E+08 0.45873    
      57 0.51277     0.59818E+08 0.75821E+10 0.72523E+09-0.42218E+08 0.45959    
      61 0.55299     0.62294E+08 0.75139E+10 0.66958E+09-0.43862E+08 0.46044    
      65 0.59320     0.64771E+08 0.74447E+10 0.61769E+09-0.45492E+08 0.46129    
      69 0.63342     0.67260E+08 0.73739E+10 0.56926E+09-0.47115E+08 0.46215    
      73 0.67364     0.69769E+08 0.73010E+10 0.52403E+09-0.48733E+08 0.46303    
      77 0.71385     0.72306E+08 0.72253E+10 0.48178E+09-0.50350E+08 0.46395    
      81 0.75407     0.74880E+08 0.71463E+10 0.44232E+09-0.51970E+08 0.46491    
      85 0.79429     0.77498E+08 0.70635E+10 0.40547E+09-0.53595E+08 0.46592    
      89 0.83451     0.80169E+08 0.69767E+10 0.37109E+09-0.55226E+08 0.46698    
      93 0.87472     0.82900E+08 0.68858E+10 0.33901E+09-0.56864E+08 0.46809    
      97 0.91494     0.85699E+08 0.67910E+10 0.30911E+09-0.58511E+08 0.46923    
     101 0.95516     0.88577E+08 0.66927E+10 0.28126E+09-0.60166E+08 0.47039    
     105 0.99537     0.91542E+08 0.65913E+10 0.25533E+09-0.61830E+08 0.47155    
     109  1.0356     0.94605E+08 0.64871E+10 0.23120E+09-0.63501E+08 0.47269    
     113  1.0758     0.97777E+08 0.63800E+10 0.20877E+09-0.65177E+08 0.47380    
     117  1.1160     0.10107E+09 0.62696E+10 0.18795E+09-0.66857E+08 0.47488    
     121  1.1562     0.10450E+09 0.61552E+10 0.16865E+09-0.68534E+08 0.47593    
     125  1.1965     0.10809E+09 0.60377E+10 0.15076E+09-0.70201E+08 0.47691    
     129  1.2367     0.11152E+09 0.59345E+10 0.13462E+09-0.71716E+08 0.47774    
     133  1.2668     0.11524E+09 0.65052E+10 0.10588E+09-0.73549E+08 0.47943    
     137  1.3071     0.11994E+09 0.63662E+10 0.93368E+08-0.75764E+08 0.48044    
     141  1.3473     0.12487E+09 0.62177E+10 0.82391E+08-0.77907E+08 0.48111    
     145  1.3875     0.13003E+09 0.60759E+10 0.72198E+08-0.79970E+08 0.48205    
     149  1.4277     0.13548E+09 0.59437E+10 0.63049E+08-0.81889E+08 0.48208    
     153  1.4679     0.14122E+09 0.57874E+10 0.55104E+08-0.83605E+08 0.48290    
     157  1.5081     0.14727E+09 0.56264E+10 0.48084E+08-0.85111E+08 0.48339    
     161  1.5484     0.15282E+09 0.54740E+10 0.42188E+08-0.86195E+08 0.48379    
     165  1.5685     0.15778E+09 0.58062E+10 0.30595E+08-0.87295E+08 0.49017    
     169  1.6087     0.16647E+09 0.56359E+10 0.26400E+08-0.88958E+08 0.49040    
     173  1.6489     0.17549E+09 0.54689E+10 0.22899E+08-0.90127E+08 0.49052    
     177  1.6891     0.18483E+09 0.53056E+10 0.19973E+08-0.90799E+08 0.49060    
     181  1.7293     0.19446E+09 0.51471E+10 0.17518E+08-0.90996E+08 0.49064    
     185  1.7696     0.20435E+09 0.49934E+10 0.15453E+08-0.90745E+08 0.49067    
     189  1.8098     0.21448E+09 0.48440E+10 0.13714E+08-0.90066E+08 0.49069    
     193  1.8500     0.22482E+09 0.46989E+10 0.12242E+08-0.89017E+08 0.49070    
     197  1.8902     0.23548E+09 0.45809E+10 0.10423E+08-0.87537E+08 0.49778    
     201  1.9304     0.24672E+09 0.44451E+10 0.93642E+07-0.85358E+08 0.49792    
     205  1.9706     0.25810E+09 0.43156E+10 0.84591E+07-0.83070E+08 0.49797    
     209  2.0109     0.26961E+09 0.41949E+10 0.76578E+07-0.80834E+08 0.49798    
     213  2.0511     0.28127E+09 0.40834E+10 0.69385E+07-0.78684E+08 0.49799    
     217  2.0913     0.29309E+09 0.39793E+10 0.62992E+07-0.76595E+08 0.49799    
     221  2.1315     0.30507E+09 0.38810E+10 0.57360E+07-0.74538E+08 0.49799    
     225  2.1717     0.31721E+09 0.37877E+10 0.52392E+07-0.72530E+08 0.49800    
     229  2.2119     0.32950E+09 0.37004E+10 0.47928E+07-0.70597E+08 0.49800    
     233  2.2522     0.34195E+09 0.36177E+10 0.43953E+07-0.68715E+08 0.49800    
     237  2.2924     0.35455E+09 0.35397E+10 0.40377E+07-0.66884E+08 0.49800    
     241  2.3326     0.36730E+09 0.34654E+10 0.37183E+07-0.65101E+08 0.49800    
     245  2.3728     0.38019E+09 0.33946E+10 0.34316E+07-0.63358E+08 0.49800    
     249  2.4130     0.39321E+09 0.33268E+10 0.31757E+07-0.61655E+08 0.49800    
     253  2.4532     0.40636E+09 0.32618E+10 0.29462E+07-0.59993E+08 0.49800    
     257  2.4935     0.41962E+09 0.31991E+10 0.27417E+07-0.58374E+08 0.49800    
     261  2.5337     0.43312E+09 0.31384E+10 0.25355E+07-0.56749E+08 0.49998    
     265  2.5739     0.44660E+09 0.30768E+10 0.23842E+07-0.55190E+08 0.49998    
     269  2.6141     0.46010E+09 0.30178E+10 0.22450E+07-0.53694E+08 0.49998    
     273  2.6543     0.47360E+09 0.29611E+10 0.21164E+07-0.52256E+08 0.49998    
     277  2.6946     0.48712E+09 0.29065E+10 0.19972E+07-0.50873E+08 0.49998    
     281  2.7348     0.50066E+09 0.28539E+10 0.18865E+07-0.49538E+08 0.49998    
     285  2.7750     0.51424E+09 0.28023E+10 0.17820E+07-0.48254E+08 0.49998    
     289  2.8152     0.52788E+09 0.27544E+10 0.16818E+07-0.47013E+08 0.49998    
     293  2.8554     0.54161E+09 0.27081E+10 0.15880E+07-0.45809E+08 0.49998    
     297  2.8956     0.55542E+09 0.26633E+10 0.15003E+07-0.44639E+08 0.49998    
     301  2.9359     0.56931E+09 0.26199E+10 0.14185E+07-0.43501E+08 0.49998    
     305  2.9761     0.58330E+09 0.25776E+10 0.13420E+07-0.42393E+08 0.49998    
     309  3.0163     0.59739E+09 0.25365E+10 0.12705E+07-0.41315E+08 0.49998    
     313  3.0565     0.61158E+09 0.24965E+10 0.12035E+07-0.40264E+08 0.49998    
     317  3.0967     0.62587E+09 0.24574E+10 0.11408E+07-0.39239E+08 0.49998    
     321  3.1369     0.64026E+09 0.24192E+10 0.10821E+07-0.38240E+08 0.49998    
     325  3.1772     0.65508E+09 0.23729E+10 0.99971E+06-0.37242E+08 0.49998    
     329  3.2174     0.67018E+09 0.23419E+10 0.93770E+06-0.36259E+08 0.49998    
     332  3.2475     0.68169E+09 0.23192E+10 0.89403E+06-0.35533E+08 0.49998    
     335  3.2777     0.69335E+09 0.22968E+10 0.85270E+06-0.34816E+08 0.49998    
     338  3.3079     0.70516E+09 0.22747E+10 0.81364E+06-0.34108E+08 0.49998    
     341  3.3380     0.71713E+09 0.22530E+10 0.77674E+06-0.33411E+08 0.49998    
     344  3.3682     0.72925E+09 0.22316E+10 0.74190E+06-0.32723E+08 0.49998    
     347  3.3983     0.74152E+09 0.22105E+10 0.70903E+06-0.32046E+08 0.49998    
     350  3.4285     0.75393E+09 0.21897E+10 0.67800E+06-0.31379E+08 0.49998    
     353  3.4587     0.76648E+09 0.21692E+10 0.64871E+06-0.30723E+08 0.49998    
     356  3.4888     0.77917E+09 0.21490E+10 0.62105E+06-0.30078E+08 0.49998    
     359  3.5190     0.79215E+09 0.21290E+10 0.59475E+06-0.29437E+08 0.49998    
     362  3.5514     0.80658E+09 0.21076E+10 0.56777E+06-0.28744E+08 0.49998    
     365  3.5874     0.82271E+09 0.20843E+10 0.53978E+06-0.27996E+08 0.49998    
     368  3.6269     0.84062E+09 0.20593E+10 0.51115E+06-0.27194E+08 0.49998    
     371  3.6700     0.86037E+09 0.20325E+10 0.48230E+06-0.26345E+08 0.49998    
     374  3.7168     0.88383E+09 0.20592E+10 0.36226E+06-0.25379E+08 0.49998    
     377  3.7671     0.91270E+09 0.20267E+10 0.34369E+06-0.24260E+08 0.49998    
     380  3.8208     0.94310E+09 0.19939E+10 0.32573E+06-0.23163E+08 0.49998    
     383  3.8778     0.97487E+09 0.19612E+10 0.30849E+06-0.22099E+08 0.49998    
     386  3.9377     0.10078E+10 0.19287E+10 0.29206E+06-0.21077E+08 0.49998    
     389  4.0003     0.10418E+10 0.18967E+10 0.27651E+06-0.20103E+08 0.49998    
     392  4.0652     0.10765E+10 0.18654E+10 0.26187E+06-0.19181E+08 0.49998    
