# meshnumber, Mr, Log10Rho, LogT, Log10R/Rsun, Ye, vel
1 0.0000E+00 1.0018E+01 1.0011E+01 -6.1811E+00 4.2072E-01 -1.8855E+04
2 8.8006E-06 1.0016E+01 1.0009E+01 -5.0808E+00 4.2214E-01 -2.6177E+05
3 3.9790E-05 1.0015E+01 1.0007E+01 -4.8749E+00 4.2280E-01 -2.6626E+05
4 1.4892E-04 1.0014E+01 1.0006E+01 -4.6666E+00 4.2306E-01 -3.7097E+05
5 5.3319E-04 1.0011E+01 1.0007E+01 -4.4798E+00 4.2301E-01 -5.5063E+05
6 1.0036E-03 1.0009E+01 1.0006E+01 -4.3257E+00 4.2319E-01 -7.7898E+05
7 1.8864E-03 1.0005E+01 1.0006E+01 -4.2382E+00 4.2335E-01 -9.5047E+05
8 3.5429E-03 9.9998E+00 1.0006E+01 -4.1486E+00 4.2358E-01 -1.1664E+06
9 6.6512E-03 9.9911E+00 1.0006E+01 -4.0574E+00 4.2396E-01 -1.4363E+06
10 1.2484E-02 9.9776E+00 1.0006E+01 -3.9648E+00 4.2454E-01 -1.7730E+06
11 2.3430E-02 9.9564E+00 1.0005E+01 -3.8708E+00 4.2563E-01 -2.1930E+06
12 3.2097E-02 9.9425E+00 1.0004E+01 -3.7941E+00 4.2625E-01 -2.6067E+06
13 4.3970E-02 9.9256E+00 1.0006E+01 -3.7463E+00 4.2602E-01 -2.8976E+06
14 6.0234E-02 9.9042E+00 1.0009E+01 -3.6975E+00 4.2579E-01 -3.2257E+06
15 8.2515E-02 9.8757E+00 1.0007E+01 -3.6475E+00 4.2740E-01 -3.5950E+06
16 1.1304E-01 9.8391E+00 1.0005E+01 -3.5961E+00 4.2949E-01 -4.0057E+06
17 1.5484E-01 9.7919E+00 1.0002E+01 -3.5427E+00 4.3218E-01 -4.4589E+06
18 2.1212E-01 9.7308E+00 9.9919E+00 -3.4869E+00 4.3618E-01 -4.9570E+06
19 2.4826E-01 9.6939E+00 9.9946E+00 -3.4408E+00 4.3760E-01 -5.7531E+06
20 2.9057E-01 9.6515E+00 9.9906E+00 -3.4104E+00 4.4006E-01 -6.0069E+06
21 3.4009E-01 9.6023E+00 9.9861E+00 -3.3787E+00 4.4275E-01 -6.2919E+06
22 3.9805E-01 9.5449E+00 9.9798E+00 -3.3455E+00 4.4600E-01 -6.6187E+06
23 4.6587E-01 9.4776E+00 9.9735E+00 -3.3105E+00 4.4926E-01 -6.9815E+06
24 5.4526E-01 9.4002E+00 9.9467E+00 -3.2732E+00 4.5414E-01 -7.3664E+06
25 5.8989E-01 9.3521E+00 9.9598E+00 -3.2426E+00 4.5500E-01 -7.6208E+06
26 6.3818E-01 9.3022E+00 9.9544E+00 -3.2217E+00 4.5699E-01 -7.7887E+06
27 6.9042E-01 9.2469E+00 9.9484E+00 -3.1998E+00 4.5915E-01 -7.9047E+06
28 7.4694E-01 9.1852E+00 9.9428E+00 -3.1768E+00 4.6145E-01 -7.8985E+06
29 7.7691E-01 9.1521E+00 9.9373E+00 -3.1584E+00 4.6289E-01 -9.2632E+06
30 8.0808E-01 9.1168E+00 9.9325E+00 -3.1458E+00 4.6433E-01 -9.0789E+06
31 8.4050E-01 9.0794E+00 9.9274E+00 -3.1328E+00 4.6583E-01 -8.9717E+06
32 8.7422E-01 9.0396E+00 9.9216E+00 -3.1194E+00 4.6748E-01 -8.9308E+06
33 9.0930E-01 8.9972E+00 9.9156E+00 -3.1055E+00 4.6918E-01 -8.9375E+06
34 9.4579E-01 8.9519E+00 9.9090E+00 -3.0910E+00 4.7098E-01 -8.9724E+06
35 9.8373E-01 8.9031E+00 9.9028E+00 -3.0760E+00 4.7279E-01 -9.0186E+06
36 1.0232E+00 8.8506E+00 9.8957E+00 -3.0602E+00 4.7478E-01 -9.0654E+06
37 1.0643E+00 8.7939E+00 9.8886E+00 -3.0436E+00 4.7678E-01 -9.1064E+06
38 1.1070E+00 8.7326E+00 9.8805E+00 -3.0262E+00 4.7890E-01 -9.1371E+06
39 1.1514E+00 8.6655E+00 9.8726E+00 -3.0077E+00 4.8105E-01 -9.1555E+06
40 1.1976E+00 8.5924E+00 9.8635E+00 -2.9881E+00 4.8328E-01 -9.1592E+06
41 1.2456E+00 8.5116E+00 9.8546E+00 -2.9671E+00 4.8532E-01 -9.1441E+06
42 1.2956E+00 8.4226E+00 9.8440E+00 -2.9444E+00 4.8747E-01 -9.1053E+06
43 1.3476E+00 8.3221E+00 9.8344E+00 -2.9199E+00 4.8958E-01 -9.0376E+06
44 1.4017E+00 8.2088E+00 9.8242E+00 -2.8929E+00 4.9143E-01 -8.9308E+06
45 1.4295E+00 8.1457E+00 9.8198E+00 -2.8702E+00 4.9271E-01 -8.8380E+06
46 1.4579E+00 8.0761E+00 9.8173E+00 -2.8544E+00 4.9374E-01 -8.7597E+06
47 1.4869E+00 8.0081E+00 9.8085E+00 -2.8375E+00 4.9480E-01 -8.6794E+06
48 1.5164E+00 7.9376E+00 9.7981E+00 -2.8196E+00 4.9569E-01 -8.5881E+06
49 1.5465E+00 7.8643E+00 9.7865E+00 -2.8007E+00 4.9637E-01 -8.4827E+06
50 1.5772E+00 7.7886E+00 9.7733E+00 -2.7807E+00 4.9690E-01 -8.3588E+06
51 1.6086E+00 7.7102E+00 9.7592E+00 -2.7597E+00 4.9730E-01 -8.2110E+06
52 1.6405E+00 7.6289E+00 9.7442E+00 -2.7376E+00 4.9764E-01 -8.0321E+06
53 1.6731E+00 7.5456E+00 9.7280E+00 -2.7143E+00 4.9804E-01 -7.8147E+06
54 1.7063E+00 7.4590E+00 9.7115E+00 -2.6899E+00 4.9848E-01 -7.5521E+06
55 1.7402E+00 7.3675E+00 9.6956E+00 -2.6644E+00 4.9909E-01 -7.2419E+06
56 1.7748E+00 7.2733E+00 9.6799E+00 -2.6376E+00 4.9964E-01 -6.9781E+06
57 1.8100E+00 7.1817E+00 9.6629E+00 -2.6095E+00 5.0010E-01 -6.6676E+06
58 1.8460E+00 7.1038E+00 9.6419E+00 -2.5804E+00 5.0029E-01 -6.2615E+06
59 1.8827E+00 7.0344E+00 9.6180E+00 -2.5514E+00 5.0025E-01 -5.5298E+06
60 1.9201E+00 6.9634E+00 9.5938E+00 -2.5229E+00 5.0015E-01 -4.8973E+06
61 1.9582E+00 6.8809E+00 9.5733E+00 -2.4948E+00 5.0009E-01 -4.5947E+06
62 1.9971E+00 6.7965E+00 9.5532E+00 -2.4663E+00 5.0007E-01 -4.3290E+06
63 2.0368E+00 6.7097E+00 9.5337E+00 -2.4373E+00 5.0005E-01 -4.0518E+06
64 2.0772E+00 6.6239E+00 9.5139E+00 -2.4079E+00 5.0003E-01 -3.7785E+06
65 2.1185E+00 6.5176E+00 9.4988E+00 -2.3780E+00 5.0002E-01 -3.5135E+06
66 2.1606E+00 6.4217E+00 9.4810E+00 -2.3466E+00 5.0001E-01 -3.2416E+06
67 2.2035E+00 6.3521E+00 9.4585E+00 -2.3145E+00 4.9972E-01 -3.0092E+06
68 2.2473E+00 6.2856E+00 9.4361E+00 -2.2835E+00 4.9929E-01 -2.8508E+06
69 2.2919E+00 6.2198E+00 9.4138E+00 -2.2537E+00 4.9917E-01 -2.7317E+06
70 2.3374E+00 6.1538E+00 9.3915E+00 -2.2248E+00 4.9911E-01 -2.6423E+06
71 2.3839E+00 6.0802E+00 9.3706E+00 -2.1967E+00 4.9908E-01 -2.5688E+06
72 2.4312E+00 5.9970E+00 9.3517E+00 -2.1687E+00 4.9912E-01 -2.5429E+06
73 2.4795E+00 5.9136E+00 9.3326E+00 -2.1402E+00 4.9911E-01 -2.5152E+06
74 2.5288E+00 5.8301E+00 9.3134E+00 -2.1113E+00 4.9909E-01 -2.4977E+06
75 2.5790E+00 5.7471E+00 9.2942E+00 -2.0821E+00 4.9909E-01 -2.4847E+06
76 2.6302E+00 5.6665E+00 9.2746E+00 -2.0527E+00 4.9909E-01 -2.4792E+06
77 2.6562E+00 5.6307E+00 9.2641E+00 -2.0302E+00 4.9911E-01 -2.4634E+06
78 2.6825E+00 5.5967E+00 9.2533E+00 -2.0156E+00 4.9913E-01 -2.4639E+06
79 2.7090E+00 5.5625E+00 9.2425E+00 -2.0012E+00 4.9914E-01 -2.4666E+06
80 2.7358E+00 5.5282E+00 9.2318E+00 -1.9869E+00 4.9914E-01 -2.4670E+06
81 2.7628E+00 5.4321E+00 9.2318E+00 -1.9728E+00 4.9914E-01 -2.4719E+06
82 2.7901E+00 5.3441E+00 9.2289E+00 -1.9567E+00 4.9913E-01 -2.4702E+06
83 2.8177E+00 5.2596E+00 9.2249E+00 -1.9391E+00 4.9912E-01 -2.4620E+06
84 2.8455E+00 5.1912E+00 9.2190E+00 -1.9200E+00 4.9916E-01 -2.4405E+06
85 2.9020E+00 5.1391E+00 9.2020E+00 -1.8911E+00 4.9917E-01 -2.4595E+06
86 2.9597E+00 5.0940E+00 9.1864E+00 -1.8559E+00 4.9917E-01 -2.4466E+06
87 3.0185E+00 5.0526E+00 9.1723E+00 -1.8243E+00 4.9917E-01 -2.4545E+06
88 3.0784E+00 5.0145E+00 9.1594E+00 -1.7955E+00 4.9917E-01 -2.4702E+06
89 3.1396E+00 4.9791E+00 9.1473E+00 -1.7690E+00 4.9917E-01 -2.4917E+06
90 3.2020E+00 4.9460E+00 9.1361E+00 -1.7444E+00 4.9917E-01 -2.5170E+06
91 3.2656E+00 4.9149E+00 9.1255E+00 -1.7215E+00 4.9917E-01 -2.5454E+06
92 3.3304E+00 4.8855E+00 9.1155E+00 -1.6999E+00 4.9917E-01 -2.5758E+06
93 3.3966E+00 4.8576E+00 9.1060E+00 -1.6795E+00 4.9917E-01 -2.6067E+06
94 3.4641E+00 4.8310E+00 9.0968E+00 -1.6602E+00 4.9917E-01 -2.6386E+06
95 3.5329E+00 4.8057E+00 9.0880E+00 -1.6418E+00 4.9917E-01 -2.6715E+06
96 3.6031E+00 4.7815E+00 9.0795E+00 -1.6243E+00 4.9917E-01 -2.7035E+06
97 3.7123E+00 4.7459E+00 9.0672E+00 -1.6033E+00 4.9917E-01 -2.7482E+06
98 3.8249E+00 4.7122E+00 9.0554E+00 -1.5792E+00 4.9917E-01 -2.7983E+06
99 3.9409E+00 4.6799E+00 9.0441E+00 -1.5564E+00 4.9917E-01 -2.8508E+06
100 4.0604E+00 4.6486E+00 9.0331E+00 -1.5347E+00 4.9917E-01 -2.9037E+06
101 4.1836E+00 4.6183E+00 9.0224E+00 -1.5139E+00 4.9917E-01 -2.9590E+06
102 4.3105E+00 4.5888E+00 9.0120E+00 -1.4940E+00 4.9917E-01 -3.0155E+06
103 4.4412E+00 4.5599E+00 9.0017E+00 -1.4748E+00 4.9917E-01 -3.0722E+06
104 4.5759E+00 4.5315E+00 8.9917E+00 -1.4562E+00 4.9917E-01 -3.1312E+06
105 4.6875E+00 4.5091E+00 8.9836E+00 -1.4399E+00 4.9917E-01 -3.1840E+06
106 4.8018E+00 4.4867E+00 8.9757E+00 -1.4258E+00 4.9917E-01 -3.2340E+06
107 4.9189E+00 4.4645E+00 8.9678E+00 -1.4119E+00 4.9917E-01 -3.2841E+06
108 5.0389E+00 4.4424E+00 8.9599E+00 -1.3983E+00 4.9917E-01 -3.3354E+06
109 5.1618E+00 4.4204E+00 8.9520E+00 -1.3849E+00 4.9917E-01 -3.3876E+06
110 5.2877E+00 4.3985E+00 8.9442E+00 -1.3718E+00 4.9917E-01 -3.4411E+06
111 5.4166E+00 4.3765E+00 8.9363E+00 -1.3588E+00 4.9917E-01 -3.4960E+06
112 5.5487E+00 4.3544E+00 8.9285E+00 -1.3461E+00 4.9917E-01 -3.5522E+06
113 5.6619E+00 4.3359E+00 8.9218E+00 -1.3345E+00 4.9917E-01 -3.6047E+06
114 5.7774E+00 4.3172E+00 8.9152E+00 -1.3240E+00 4.9917E-01 -3.6540E+06
115 5.8952E+00 4.2985E+00 8.9085E+00 -1.3137E+00 4.9917E-01 -3.7040E+06
116 6.0155E+00 4.2797E+00 8.9018E+00 -1.3034E+00 4.9917E-01 -3.7558E+06
117 6.1382E+00 4.2606E+00 8.8950E+00 -1.2932E+00 4.9917E-01 -3.8073E+06
118 6.2634E+00 4.2414E+00 8.8881E+00 -1.2830E+00 4.9917E-01 -3.8615E+06
119 6.3912E+00 4.2221E+00 8.8812E+00 -1.2729E+00 4.9917E-01 -3.9164E+06
120 6.5215E+00 4.2025E+00 8.8742E+00 -1.2629E+00 4.9917E-01 -3.9721E+06
121 6.6359E+00 4.1854E+00 8.8681E+00 -1.2536E+00 4.9917E-01 -4.0250E+06
122 6.7522E+00 4.1681E+00 8.8620E+00 -1.2450E+00 4.9917E-01 -4.0753E+06
123 6.8706E+00 4.1507E+00 8.8557E+00 -1.2364E+00 4.9917E-01 -4.1272E+06
124 6.9911E+00 4.1330E+00 8.8494E+00 -1.2279E+00 4.9917E-01 -4.1791E+06
125 7.1136E+00 4.1150E+00 8.8430E+00 -1.2193E+00 4.9917E-01 -4.2322E+06
126 7.2383E+00 4.0968E+00 8.8365E+00 -1.2108E+00 4.9917E-01 -4.2873E+06
127 7.3652E+00 4.0784E+00 8.8300E+00 -1.2023E+00 4.9917E-01 -4.3432E+06
128 7.4944E+00 4.0596E+00 8.8232E+00 -1.1937E+00 4.9917E-01 -4.3997E+06
129 7.6096E+00 4.0428E+00 8.8173E+00 -1.1857E+00 4.9917E-01 -4.4548E+06
130 7.7266E+00 4.0258E+00 8.8112E+00 -1.1781E+00 4.9917E-01 -4.5064E+06
131 7.8453E+00 4.0085E+00 8.8050E+00 -1.1706E+00 4.9917E-01 -4.5595E+06
132 7.9659E+00 3.9909E+00 8.7988E+00 -1.1630E+00 4.9917E-01 -4.6143E+06
133 8.0884E+00 3.9730E+00 8.7924E+00 -1.1554E+00 4.9917E-01 -4.6697E+06
134 8.2127E+00 3.9548E+00 8.7859E+00 -1.1478E+00 4.9917E-01 -4.7256E+06
135 8.3390E+00 3.9362E+00 8.7792E+00 -1.1401E+00 4.9917E-01 -4.7840E+06
136 8.4672E+00 3.9173E+00 8.7725E+00 -1.1324E+00 4.9917E-01 -4.8432E+06
137 8.5831E+00 3.9000E+00 8.7663E+00 -1.1251E+00 4.9917E-01 -4.8996E+06
138 8.7006E+00 3.8824E+00 8.7600E+00 -1.1182E+00 4.9917E-01 -4.9544E+06
139 8.8197E+00 3.8645E+00 8.7536E+00 -1.1112E+00 4.9917E-01 -5.0105E+06
140 8.9404E+00 3.8463E+00 8.7470E+00 -1.1042E+00 4.9917E-01 -5.0675E+06
141 9.0628E+00 3.8276E+00 8.7404E+00 -1.0971E+00 4.9917E-01 -5.1256E+06
142 9.1868E+00 3.8085E+00 8.7335E+00 -1.0900E+00 4.9917E-01 -5.1846E+06
143 9.2495E+00 3.7988E+00 8.7300E+00 -1.0846E+00 4.9917E-01 -5.2294E+06
144 9.3126E+00 3.7891E+00 8.7265E+00 -1.0810E+00 4.9917E-01 -5.2614E+06
145 9.3761E+00 3.7790E+00 8.7229E+00 -1.0774E+00 4.9917E-01 -5.2895E+06
146 9.4400E+00 3.7690E+00 8.7193E+00 -1.0737E+00 4.9917E-01 -5.3231E+06
147 9.4981E+00 3.7598E+00 8.7160E+00 -1.0702E+00 4.9917E-01 -5.3529E+06
148 9.5565E+00 3.7505E+00 8.7126E+00 -1.0669E+00 4.9917E-01 -5.3802E+06
149 9.6152E+00 3.7411E+00 8.7093E+00 -1.0636E+00 4.9917E-01 -5.4116E+06
150 9.6744E+00 3.7317E+00 8.7058E+00 -1.0602E+00 4.9917E-01 -5.4405E+06
151 9.7339E+00 3.7219E+00 8.7023E+00 -1.0569E+00 4.9917E-01 -5.4686E+06
152 9.7937E+00 3.7122E+00 8.6988E+00 -1.0535E+00 4.9917E-01 -5.5009E+06
153 9.8539E+00 3.7024E+00 8.6953E+00 -1.0501E+00 4.9917E-01 -5.5309E+06
154 9.9145E+00 3.6924E+00 8.6917E+00 -1.0467E+00 4.9917E-01 -5.5615E+06
155 9.9755E+00 3.6823E+00 8.6880E+00 -1.0433E+00 4.9917E-01 -5.5937E+06
156 1.0037E+01 3.6721E+00 8.6843E+00 -1.0398E+00 4.9917E-01 -5.6250E+06
157 1.0099E+01 3.6615E+00 8.6805E+00 -1.0363E+00 4.9917E-01 -5.6556E+06
158 1.0161E+01 3.6511E+00 8.6768E+00 -1.0328E+00 4.9917E-01 -5.6901E+06
159 1.0223E+01 3.6403E+00 8.6729E+00 -1.0293E+00 4.9917E-01 -5.7218E+06
160 1.0286E+01 3.6295E+00 8.6690E+00 -1.0258E+00 4.9917E-01 -5.7560E+06
161 1.0349E+01 3.6184E+00 8.6649E+00 -1.0222E+00 4.9917E-01 -5.7887E+06
162 1.0413E+01 3.6073E+00 8.6609E+00 -1.0186E+00 4.9917E-01 -5.8238E+06
163 1.0471E+01 3.5970E+00 8.6572E+00 -1.0152E+00 4.9917E-01 -5.8573E+06
164 1.0530E+01 3.5864E+00 8.6534E+00 -1.0119E+00 4.9917E-01 -5.8883E+06
165 1.0589E+01 3.5758E+00 8.6495E+00 -1.0086E+00 4.9917E-01 -5.9218E+06
166 1.0648E+01 3.5650E+00 8.6456E+00 -1.0052E+00 4.9917E-01 -5.9547E+06
167 1.0708E+01 3.5540E+00 8.6416E+00 -1.0018E+00 4.9917E-01 -5.9875E+06
168 1.0768E+01 3.5429E+00 8.6376E+00 -9.9841E-01 4.9917E-01 -6.0217E+06
169 1.0828E+01 3.5315E+00 8.6335E+00 -9.9498E-01 4.9917E-01 -6.0560E+06
170 1.0888E+01 3.5200E+00 8.6293E+00 -9.9152E-01 4.9917E-01 -6.0911E+06
171 1.0949E+01 3.5083E+00 8.6251E+00 -9.8803E-01 4.9917E-01 -6.1262E+06
172 1.1011E+01 3.4964E+00 8.6207E+00 -9.8452E-01 4.9917E-01 -6.1624E+06
173 1.1072E+01 3.4843E+00 8.6163E+00 -9.8097E-01 4.9917E-01 -6.1988E+06
174 1.1134E+01 3.4720E+00 8.6119E+00 -9.7739E-01 4.9917E-01 -6.2361E+06
175 1.1197E+01 3.4594E+00 8.6073E+00 -9.7378E-01 4.9917E-01 -6.2737E+06
176 1.1259E+01 3.4466E+00 8.6026E+00 -9.7014E-01 4.9917E-01 -6.3122E+06
177 1.1322E+01 3.4335E+00 8.5979E+00 -9.6646E-01 4.9917E-01 -6.3511E+06
178 1.1386E+01 3.4202E+00 8.5931E+00 -9.6274E-01 4.9917E-01 -6.3909E+06
179 1.1444E+01 3.4077E+00 8.5885E+00 -9.5914E-01 4.9917E-01 -6.4297E+06
180 1.1503E+01 3.3950E+00 8.5839E+00 -9.5565E-01 4.9917E-01 -6.4675E+06
181 1.1562E+01 3.3821E+00 8.5792E+00 -9.5213E-01 4.9917E-01 -6.5059E+06
182 1.1621E+01 3.3688E+00 8.5744E+00 -9.4858E-01 4.9917E-01 -6.5450E+06
183 1.1681E+01 3.3553E+00 8.5695E+00 -9.4498E-01 4.9917E-01 -6.5848E+06
184 1.1741E+01 3.3416E+00 8.5645E+00 -9.4135E-01 4.9917E-01 -6.6255E+06
185 1.1801E+01 3.3275E+00 8.5593E+00 -9.3767E-01 4.9917E-01 -6.6667E+06
186 1.1862E+01 3.3131E+00 8.5541E+00 -9.3394E-01 4.9917E-01 -6.7090E+06
187 1.1923E+01 3.2983E+00 8.5487E+00 -9.3018E-01 4.9917E-01 -6.7521E+06
188 1.1984E+01 3.2832E+00 8.5432E+00 -9.2636E-01 4.9917E-01 -6.7959E+06
189 1.2046E+01 3.2677E+00 8.5376E+00 -9.2249E-01 4.9917E-01 -6.8409E+06
190 1.2108E+01 3.2519E+00 8.5318E+00 -9.1856E-01 4.9917E-01 -6.8867E+06
191 1.2170E+01 3.2356E+00 8.5259E+00 -9.1458E-01 4.9917E-01 -6.9336E+06
192 1.2232E+01 3.2188E+00 8.5198E+00 -9.1054E-01 4.9917E-01 -6.9817E+06
193 1.2295E+01 3.2016E+00 8.5136E+00 -9.0644E-01 4.9917E-01 -7.0308E+06
194 1.2358E+01 3.1839E+00 8.5071E+00 -9.0227E-01 4.9917E-01 -7.0813E+06
195 1.2417E+01 3.1670E+00 8.5010E+00 -8.9819E-01 4.9917E-01 -7.1309E+06
196 1.2476E+01 3.1497E+00 8.4947E+00 -8.9421E-01 4.9917E-01 -7.1800E+06
197 1.2535E+01 3.1318E+00 8.4882E+00 -8.9016E-01 4.9917E-01 -7.2302E+06
198 1.2595E+01 3.1134E+00 8.4815E+00 -8.8603E-01 4.9917E-01 -7.2818E+06
199 1.2655E+01 3.0944E+00 8.4746E+00 -8.8183E-01 4.9917E-01 -7.3347E+06
200 1.2715E+01 3.0747E+00 8.4674E+00 -8.7755E-01 4.9917E-01 -7.3893E+06
201 1.2775E+01 3.0544E+00 8.4600E+00 -8.7318E-01 4.9917E-01 -7.4454E+06
202 1.2836E+01 3.0332E+00 8.4523E+00 -8.6872E-01 4.9917E-01 -7.5032E+06
203 1.2897E+01 3.0113E+00 8.4444E+00 -8.6415E-01 4.9917E-01 -7.5629E+06
204 1.2958E+01 2.9885E+00 8.4361E+00 -8.5948E-01 4.9917E-01 -7.6246E+06
205 1.3019E+01 2.9647E+00 8.4275E+00 -8.5470E-01 4.9917E-01 -7.6884E+06
206 1.3081E+01 2.9398E+00 8.4185E+00 -8.4978E-01 4.9917E-01 -7.7546E+06
207 1.3143E+01 2.9138E+00 8.4091E+00 -8.4473E-01 4.9917E-01 -7.8234E+06
208 1.3206E+01 2.8865E+00 8.3992E+00 -8.3953E-01 4.9919E-01 -7.8948E+06
209 1.3268E+01 2.8577E+00 8.3888E+00 -8.3417E-01 4.9922E-01 -7.9693E+06
210 1.3300E+01 2.8182E+00 8.3874E+00 -8.3003E-01 4.9924E-01 -8.0270E+06
211 1.3331E+01 2.7113E+00 8.3821E+00 -8.2704E-01 4.9922E-01 -8.0687E+06
212 1.3361E+01 2.6631E+00 8.3775E+00 -8.2344E-01 4.9918E-01 -8.1215E+06
213 1.3390E+01 2.6210E+00 8.3735E+00 -8.1964E-01 4.9916E-01 -8.1766E+06
214 1.3449E+01 2.5724E+00 8.3631E+00 -8.1351E-01 4.9914E-01 -8.2674E+06
215 1.3509E+01 2.5317E+00 8.3519E+00 -8.0486E-01 4.9913E-01 -8.3971E+06
216 1.3568E+01 2.4924E+00 8.3404E+00 -7.9588E-01 4.9912E-01 -8.5343E+06
217 1.3628E+01 2.4537E+00 8.3286E+00 -7.8662E-01 4.9914E-01 -8.6788E+06
218 1.3688E+01 2.4191E+00 8.3163E+00 -7.7709E-01 4.9914E-01 -8.8307E+06
219 1.3749E+01 2.3833E+00 8.3037E+00 -7.6738E-01 4.9914E-01 -8.9887E+06
220 1.3809E+01 2.3463E+00 8.2906E+00 -7.5749E-01 4.9914E-01 -9.1535E+06
221 1.3870E+01 2.3078E+00 8.2770E+00 -7.4740E-01 4.9914E-01 -9.3254E+06
222 1.3931E+01 2.2678E+00 8.2630E+00 -7.3707E-01 4.9913E-01 -9.5058E+06
223 1.3993E+01 2.2261E+00 8.2482E+00 -7.2649E-01 4.9913E-01 -9.6940E+06
224 1.4054E+01 2.1825E+00 8.2328E+00 -7.1563E-01 4.9913E-01 -9.8923E+06
225 1.4117E+01 2.1367E+00 8.2167E+00 -7.0445E-01 4.9913E-01 -1.0101E+07
226 1.4179E+01 2.0884E+00 8.1996E+00 -6.9292E-01 4.9913E-01 -1.0322E+07
227 1.4241E+01 2.0372E+00 8.1816E+00 -6.8098E-01 4.9913E-01 -1.0556E+07
228 1.4304E+01 1.9827E+00 8.1624E+00 -6.6858E-01 4.9913E-01 -1.0806E+07
229 1.4363E+01 1.9282E+00 8.1432E+00 -6.5606E-01 4.9913E-01 -1.1064E+07
230 1.4422E+01 1.8697E+00 8.1225E+00 -6.4342E-01 4.9913E-01 -1.1332E+07
231 1.4482E+01 1.8063E+00 8.1000E+00 -6.3015E-01 4.9914E-01 -1.1621E+07
232 1.4541E+01 1.7370E+00 8.0755E+00 -6.1612E-01 4.9914E-01 -1.1935E+07
233 1.4601E+01 1.6569E+00 8.0488E+00 -6.0116E-01 4.9923E-01 -1.2279E+07
234 1.4661E+01 1.5602E+00 8.0198E+00 -5.8495E-01 4.9995E-01 -1.2666E+07
235 1.4692E+01 1.5052E+00 8.0042E+00 -5.7132E-01 4.9995E-01 -1.2997E+07
236 1.4722E+01 1.4474E+00 7.9870E+00 -5.6169E-01 4.9995E-01 -1.3238E+07
237 1.4752E+01 1.3844E+00 7.9685E+00 -5.5140E-01 4.9995E-01 -1.3501E+07
238 1.4783E+01 1.3149E+00 7.9484E+00 -5.4032E-01 4.9995E-01 -1.3790E+07
239 1.4813E+01 1.2374E+00 7.9263E+00 -5.2830E-01 4.9995E-01 -1.4110E+07
240 1.4843E+01 1.1491E+00 7.9019E+00 -5.1510E-01 4.9995E-01 -1.4470E+07
241 1.4874E+01 1.0531E+00 7.8731E+00 -5.0037E-01 4.9997E-01 -1.4877E+07
242 1.4905E+01 9.2370E-01 7.8432E+00 -4.8386E-01 5.0016E-01 -1.5353E+07
243 1.4935E+01 7.4078E-01 7.8107E+00 -4.6419E-01 5.0510E-01 -1.5934E+07
244 1.4966E+01 5.7529E-01 7.7657E+00 -4.3852E-01 5.1275E-01 -1.6712E+07
245 1.4997E+01 3.7377E-01 7.7106E+00 -4.0758E-01 5.2824E-01 -1.7677E+07
246 1.5012E+01 2.5867E-01 7.6787E+00 -3.7788E-01 5.3580E-01 -1.8604E+07
247 1.5028E+01 1.2886E-01 7.6430E+00 -3.5602E-01 5.4334E-01 -1.9318E+07
248 1.5043E+01 -1.6950E-02 7.6022E+00 -3.3094E-01 5.4960E-01 -2.0152E+07
249 1.5059E+01 -1.8418E-01 7.5546E+00 -3.0182E-01 5.5585E-01 -2.1144E+07
250 1.5074E+01 -3.8149E-01 7.4979E+00 -2.6745E-01 5.6276E-01 -2.2346E+07
251 1.5090E+01 -6.2862E-01 7.4286E+00 -2.2581E-01 5.6975E-01 -2.3853E+07
252 1.5097E+01 -7.5594E-01 7.3866E+00 -1.8472E-01 5.7172E-01 -2.5329E+07
253 1.5105E+01 -9.1512E-01 7.3393E+00 -1.5556E-01 5.7370E-01 -2.6458E+07
254 1.5113E+01 -1.1074E+00 7.2834E+00 -1.2172E-01 5.7568E-01 -2.7800E+07
255 1.5121E+01 -1.3684E+00 7.2167E+00 -8.1001E-02 5.8022E-01 -2.9446E+07
256 1.5125E+01 -1.5044E+00 7.1770E+00 -3.9478E-02 5.8142E-01 -3.0983E+07
257 1.5129E+01 -1.7021E+00 7.1352E+00 -9.5370E-03 5.8249E-01 -3.2160E+07
258 1.5130E+01 -1.8184E+00 7.1115E+00 1.9109E-02 6.0820E-01 -3.3190E+07
259 1.5132E+01 -1.9417E+00 7.0874E+00 4.0339E-02 6.3412E-01 -3.3992E+07
260 1.5134E+01 -2.0463E+00 7.0618E+00 6.4449E-02 6.6860E-01 -3.4863E+07
261 1.5136E+01 -2.1478E+00 7.0362E+00 9.0261E-02 7.0265E-01 -3.5804E+07
262 1.5138E+01 -2.2396E+00 7.0112E+00 1.1742E-01 7.2907E-01 -3.6810E+07
263 1.5140E+01 -2.3248E+00 6.9869E+00 1.4517E-01 7.5109E-01 -3.7856E+07
264 1.5142E+01 -2.3977E+00 6.9635E+00 1.7307E-01 7.6119E-01 -3.8934E+07
265 1.5144E+01 -2.4620E+00 6.9410E+00 2.0034E-01 7.6346E-01 -4.0016E+07
266 1.5148E+01 -2.5798E+00 6.8987E+00 2.3848E-01 7.6367E-01 -4.1537E+07
267 1.5152E+01 -2.6894E+00 6.8592E+00 2.8731E-01 7.6369E-01 -4.3469E+07
268 1.5156E+01 -2.7913E+00 6.8225E+00 3.3275E-01 7.6370E-01 -4.5293E+07
269 1.5160E+01 -2.8867E+00 6.7881E+00 3.7520E-01 7.6370E-01 -4.7008E+07
270 1.5164E+01 -2.9764E+00 6.7557E+00 4.1501E-01 7.6370E-01 -4.8726E+07
271 1.5167E+01 -3.0610E+00 6.7254E+00 4.5251E-01 7.6374E-01 -5.0426E+07
272 1.5171E+01 -3.1411E+00 6.6965E+00 4.8795E-01 7.6378E-01 -5.1834E+07
273 1.5175E+01 -3.2172E+00 6.6691E+00 5.2156E-01 7.6379E-01 -5.3246E+07
274 1.5179E+01 -3.2896E+00 6.6429E+00 5.5348E-01 7.6380E-01 -5.4672E+07
275 1.5183E+01 -3.3586E+00 6.6180E+00 5.8390E-01 7.6380E-01 -5.6111E+07
276 1.5187E+01 -3.4246E+00 6.5942E+00 6.1297E-01 7.6380E-01 -5.7559E+07
277 1.5191E+01 -3.4879E+00 6.5714E+00 6.4078E-01 7.6380E-01 -5.9015E+07
278 1.5195E+01 -3.5485E+00 6.5495E+00 6.6744E-01 7.6385E-01 -6.0471E+07
279 1.5199E+01 -3.6068E+00 6.5285E+00 6.9303E-01 7.6386E-01 -6.1924E+07
280 1.5203E+01 -3.6629E+00 6.5082E+00 7.1766E-01 7.6387E-01 -6.3371E+07
281 1.5206E+01 -3.7170E+00 6.4887E+00 7.4139E-01 7.6387E-01 -6.4814E+07
282 1.5210E+01 -3.7692E+00 6.4699E+00 7.6427E-01 7.6387E-01 -6.6247E+07
283 1.5214E+01 -3.8196E+00 6.4516E+00 7.8636E-01 7.6388E-01 -6.7668E+07
284 1.5216E+01 -3.8442E+00 6.4428E+00 8.0251E-01 7.6388E-01 -6.8701E+07
285 1.5218E+01 -3.8684E+00 6.4340E+00 8.1302E-01 7.6388E-01 -6.9292E+07
286 1.5220E+01 -3.8922E+00 6.4254E+00 8.2335E-01 7.6388E-01 -6.9883E+07
287 1.5222E+01 -3.9157E+00 6.4169E+00 8.3352E-01 7.6388E-01 -7.0474E+07
288 1.5226E+01 -3.9615E+00 6.4004E+00 8.4845E-01 7.6388E-01 -7.1362E+07
289 1.5230E+01 -4.0058E+00 6.3844E+00 8.6789E-01 7.6388E-01 -7.2520E+07
290 1.5238E+01 -4.0907E+00 6.3537E+00 8.9557E-01 7.6388E-01 -7.4159E+07
291 1.5246E+01 -4.1710E+00 6.3247E+00 9.3127E-01 7.6388E-01 -7.6284E+07
292 1.5253E+01 -4.2470E+00 6.2973E+00 9.6507E-01 7.6388E-01 -7.8399E+07
293 1.5261E+01 -4.3193E+00 6.2711E+00 9.9717E-01 7.6388E-01 -8.0501E+07
294 1.5269E+01 -4.3882E+00 6.2463E+00 1.0277E+00 7.6388E-01 -8.2585E+07
295 1.5277E+01 -4.4540E+00 6.2225E+00 1.0569E+00 7.6388E-01 -8.4645E+07
296 1.5281E+01 -4.4838E+00 6.2117E+00 1.0777E+00 7.6388E-01 -8.6102E+07
297 1.5284E+01 -4.5131E+00 6.2012E+00 1.0905E+00 7.6388E-01 -8.6957E+07
298 1.5288E+01 -4.5418E+00 6.1908E+00 1.1030E+00 7.6388E-01 -8.7812E+07
299 1.5292E+01 -4.5699E+00 6.1806E+00 1.1153E+00 7.6388E-01 -8.8658E+07
300 1.5295E+01 -4.5974E+00 6.1707E+00 1.1274E+00 7.6388E-01 -8.9492E+07
301 1.5299E+01 -4.6244E+00 6.1609E+00 1.1392E+00 7.6388E-01 -9.0310E+07
302 1.5303E+01 -4.6510E+00 6.1513E+00 1.1509E+00 7.6388E-01 -9.1115E+07
303 1.5306E+01 -4.6770E+00 6.1418E+00 1.1623E+00 7.6388E-01 -9.1929E+07
304 1.5314E+01 -4.7278E+00 6.1235E+00 1.1790E+00 7.6388E-01 -9.3176E+07
305 1.5321E+01 -4.7768E+00 6.1057E+00 1.2006E+00 7.6388E-01 -9.4778E+07
306 1.5329E+01 -4.8242E+00 6.0886E+00 1.2216E+00 7.6388E-01 -9.6348E+07
307 1.5336E+01 -4.8700E+00 6.0721E+00 1.2418E+00 7.6388E-01 -9.7888E+07
308 1.5340E+01 -4.8924E+00 6.0640E+00 1.2567E+00 7.6388E-01 -9.8994E+07
309 1.5343E+01 -4.9144E+00 6.0560E+00 1.2663E+00 7.6388E-01 -9.9750E+07
310 1.5347E+01 -4.9360E+00 6.0482E+00 1.2759E+00 7.6388E-01 -1.0049E+08
311 1.5351E+01 -4.9574E+00 6.0404E+00 1.2852E+00 7.6388E-01 -1.0123E+08
312 1.5358E+01 -4.9991E+00 6.0253E+00 1.2990E+00 7.6388E-01 -1.0234E+08
313 1.5366E+01 -5.0397E+00 6.0107E+00 1.3169E+00 7.6388E-01 -1.0361E+08
314 1.5373E+01 -5.0791E+00 5.9964E+00 1.3344E+00 7.6388E-01 -1.0488E+08
315 1.5380E+01 -5.1174E+00 5.9826E+00 1.3514E+00 7.6388E-01 -1.0614E+08
316 1.5388E+01 -5.1546E+00 5.9691E+00 1.3679E+00 7.6388E-01 -1.0741E+08
317 1.5395E+01 -5.1909E+00 5.9560E+00 1.3840E+00 7.6388E-01 -1.0866E+08
318 1.5403E+01 -5.2262E+00 5.9432E+00 1.3996E+00 7.6388E-01 -1.0991E+08
319 1.5410E+01 -5.2607E+00 5.9307E+00 1.4149E+00 7.6388E-01 -1.1115E+08
320 1.5418E+01 -5.2943E+00 5.9186E+00 1.4299E+00 7.6388E-01 -1.1241E+08
321 1.5425E+01 -5.3271E+00 5.9067E+00 1.4444E+00 7.6388E-01 -1.1365E+08
322 1.5432E+01 -5.3591E+00 5.8951E+00 1.4587E+00 7.6388E-01 -1.1489E+08
323 1.5440E+01 -5.3904E+00 5.8838E+00 1.4726E+00 7.6388E-01 -1.1612E+08
324 1.5447E+01 -5.4210E+00 5.8727E+00 1.4862E+00 7.6388E-01 -1.1735E+08
325 1.5455E+01 -5.4509E+00 5.8619E+00 1.4995E+00 7.6388E-01 -1.1858E+08
326 1.5462E+01 -5.4801E+00 5.8513E+00 1.5125E+00 7.6388E-01 -1.1980E+08
327 1.5470E+01 -5.5087E+00 5.8409E+00 1.5252E+00 7.6388E-01 -1.2103E+08
328 1.5477E+01 -5.5368E+00 5.8308E+00 1.5377E+00 7.6388E-01 -1.2224E+08
329 1.5485E+01 -5.5642E+00 5.8209E+00 1.5499E+00 7.6388E-01 -1.2347E+08
330 1.5492E+01 -5.5911E+00 5.8111E+00 1.5619E+00 7.6388E-01 -1.2467E+08
331 1.5500E+01 -5.6174E+00 5.8016E+00 1.5737E+00 7.6388E-01 -1.2589E+08
332 1.5507E+01 -5.6433E+00 5.7922E+00 1.5852E+00 7.6388E-01 -1.2710E+08
333 1.5515E+01 -5.6687E+00 5.7830E+00 1.5965E+00 7.6388E-01 -1.2832E+08
334 1.5522E+01 -5.6935E+00 5.7740E+00 1.6077E+00 7.6388E-01 -1.2954E+08
335 1.5530E+01 -5.7179E+00 5.7652E+00 1.6186E+00 7.6388E-01 -1.3074E+08
336 1.5537E+01 -5.7418E+00 5.7565E+00 1.6293E+00 7.6388E-01 -1.3197E+08
337 1.5545E+01 -5.7654E+00 5.7480E+00 1.6398E+00 7.6388E-01 -1.3318E+08
338 1.5552E+01 -5.7884E+00 5.7396E+00 1.6501E+00 7.6388E-01 -1.3439E+08
339 1.5560E+01 -5.8111E+00 5.7314E+00 1.6603E+00 7.6388E-01 -1.3559E+08
340 1.5567E+01 -5.8335E+00 5.7233E+00 1.6703E+00 7.6388E-01 -1.3679E+08
341 1.5575E+01 -5.8554E+00 5.7153E+00 1.6801E+00 7.6388E-01 -1.3800E+08
342 1.5582E+01 -5.8769E+00 5.7075E+00 1.6898E+00 7.6388E-01 -1.3922E+08
343 1.5590E+01 -5.8982E+00 5.6998E+00 1.6993E+00 7.6388E-01 -1.4041E+08
344 1.5597E+01 -5.9190E+00 5.6923E+00 1.7087E+00 7.6388E-01 -1.4162E+08
345 1.5605E+01 -5.9395E+00 5.6848E+00 1.7179E+00 7.6388E-01 -1.4283E+08
346 1.5612E+01 -5.9597E+00 5.6775E+00 1.7270E+00 7.6388E-01 -1.4403E+08
347 1.5620E+01 -5.9797E+00 5.6703E+00 1.7359E+00 7.6388E-01 -1.4523E+08
348 1.5627E+01 -5.9992E+00 5.6632E+00 1.7447E+00 7.6388E-01 -1.4644E+08
349 1.5635E+01 -6.0185E+00 5.6562E+00 1.7534E+00 7.6388E-01 -1.4764E+08
350 1.5642E+01 -6.0375E+00 5.6493E+00 1.7620E+00 7.6388E-01 -1.4882E+08
351 1.5650E+01 -6.0562E+00 5.6425E+00 1.7704E+00 7.6388E-01 -1.5001E+08
352 1.5657E+01 -6.0746E+00 5.6358E+00 1.7787E+00 7.6388E-01 -1.5121E+08
353 1.5665E+01 -6.0928E+00 5.6292E+00 1.7869E+00 7.6388E-01 -1.5241E+08
354 1.5673E+01 -6.1107E+00 5.6227E+00 1.7950E+00 7.6388E-01 -1.5358E+08
355 1.5680E+01 -6.1284E+00 5.6163E+00 1.8030E+00 7.6388E-01 -1.5476E+08
356 1.5688E+01 -6.1458E+00 5.6099E+00 1.8108E+00 7.6388E-01 -1.5593E+08
357 1.5695E+01 -6.1629E+00 5.6037E+00 1.8186E+00 7.6388E-01 -1.5712E+08
358 1.5703E+01 -6.1798E+00 5.5976E+00 1.8262E+00 7.6388E-01 -1.5828E+08
359 1.5710E+01 -6.1965E+00 5.5915E+00 1.8338E+00 7.6388E-01 -1.5942E+08
360 1.5726E+01 -6.2292E+00 5.5796E+00 1.8450E+00 7.6388E-01 -1.6115E+08
361 1.5741E+01 -6.2611E+00 5.5680E+00 1.8595E+00 7.6388E-01 -1.6340E+08
362 1.5756E+01 -6.2922E+00 5.5567E+00 1.8737E+00 7.6388E-01 -1.6566E+08
363 1.5771E+01 -6.3226E+00 5.5457E+00 1.8875E+00 7.6388E-01 -1.6787E+08
364 1.5786E+01 -6.3521E+00 5.5349E+00 1.9011E+00 7.6388E-01 -1.7010E+08
365 1.5817E+01 -6.4092E+00 5.5142E+00 1.9206E+00 7.6388E-01 -1.7345E+08
366 1.5847E+01 -6.4637E+00 5.4943E+00 1.9459E+00 7.6388E-01 -1.7783E+08
367 1.5878E+01 -6.5159E+00 5.4753E+00 1.9701E+00 7.6388E-01 -1.8213E+08
368 1.5909E+01 -6.5658E+00 5.4571E+00 1.9933E+00 7.6388E-01 -1.8640E+08
369 1.5939E+01 -6.6139E+00 5.4396E+00 2.0156E+00 7.6388E-01 -1.9059E+08
370 1.5970E+01 -6.6600E+00 5.4228E+00 2.0371E+00 7.6388E-01 -1.9478E+08
371 1.6001E+01 -6.7044E+00 5.4066E+00 2.0578E+00 7.6388E-01 -1.9890E+08
372 1.6032E+01 -6.7473E+00 5.3909E+00 2.0777E+00 7.6388E-01 -2.0300E+08
373 1.6063E+01 -6.7887E+00 5.3758E+00 2.0970E+00 7.6388E-01 -2.0702E+08
374 1.6078E+01 -6.8088E+00 5.3685E+00 2.1110E+00 7.6388E-01 -2.1000E+08
375 1.6094E+01 -6.8286E+00 5.3612E+00 2.1202E+00 7.6388E-01 -2.1199E+08
376 1.6109E+01 -6.8481E+00 5.3541E+00 2.1292E+00 7.6388E-01 -2.1394E+08
377 1.6125E+01 -6.8674E+00 5.3471E+00 2.1381E+00 7.6388E-01 -2.1588E+08
378 1.6140E+01 -6.8863E+00 5.3402E+00 2.1468E+00 7.6388E-01 -2.1783E+08
379 1.6156E+01 -6.9048E+00 5.3334E+00 2.1554E+00 7.6388E-01 -2.1981E+08
380 1.6172E+01 -6.9232E+00 5.3267E+00 2.1639E+00 7.6388E-01 -2.2168E+08
381 1.6187E+01 -6.9412E+00 5.3201E+00 2.1722E+00 7.6388E-01 -2.2365E+08
382 1.6203E+01 -6.9589E+00 5.3136E+00 2.1804E+00 7.6388E-01 -2.2554E+08
383 1.6218E+01 -6.9765E+00 5.3072E+00 2.1885E+00 7.6388E-01 -2.2740E+08
384 1.6234E+01 -6.9937E+00 5.3009E+00 2.1965E+00 7.6388E-01 -2.2931E+08
385 1.6250E+01 -7.0107E+00 5.2947E+00 2.2044E+00 7.6388E-01 -2.3115E+08
386 1.6265E+01 -7.0265E+00 5.2889E+00 2.2119E+00 7.6388E-01 -2.3293E+08
387 1.6279E+01 -7.0421E+00 5.2832E+00 2.2192E+00 7.6388E-01 -2.3465E+08
388 1.6294E+01 -7.0575E+00 5.2776E+00 2.2263E+00 7.6388E-01 -2.3641E+08
389 1.6309E+01 -7.0727E+00 5.2720E+00 2.2333E+00 7.6388E-01 -2.3812E+08
390 1.6324E+01 -7.0877E+00 5.2665E+00 2.2403E+00 7.6388E-01 -2.3982E+08
391 1.6339E+01 -7.1025E+00 5.2611E+00 2.2472E+00 7.6388E-01 -2.4151E+08
392 1.6353E+01 -7.1171E+00 5.2557E+00 2.2540E+00 7.6388E-01 -2.4288E+08
393 1.6368E+01 -7.1315E+00 5.2504E+00 2.2607E+00 7.6388E-01 -2.4426E+08
394 1.6398E+01 -7.1599E+00 5.2400E+00 2.2706E+00 7.6388E-01 -2.4637E+08
395 1.6428E+01 -7.1877E+00 5.2298E+00 2.2835E+00 7.6388E-01 -2.4915E+08
396 1.6458E+01 -7.2147E+00 5.2199E+00 2.2962E+00 7.6388E-01 -2.5194E+08
397 1.6488E+01 -7.2412E+00 5.2101E+00 2.3086E+00 7.6388E-01 -2.5470E+08
398 1.6518E+01 -7.2672E+00 5.2006E+00 2.3207E+00 7.6388E-01 -2.5744E+08
399 1.6548E+01 -7.2926E+00 5.1913E+00 2.3325E+00 7.6388E-01 -2.6012E+08
400 1.6578E+01 -7.3175E+00 5.1822E+00 2.3441E+00 7.6388E-01 -2.6284E+08
401 1.6608E+01 -7.3418E+00 5.1731E+00 2.3555E+00 7.6388E-01 -2.6556E+08
402 1.6668E+01 -7.3842E+00 5.1551E+00 2.3721E+00 7.6388E-01 -2.7034E+08
403 1.6729E+01 -7.4294E+00 5.1382E+00 2.3933E+00 7.6389E-01 -2.7563E+08
404 1.6790E+01 -7.4734E+00 5.1219E+00 2.4138E+00 7.6389E-01 -2.8078E+08
405 1.6851E+01 -7.5161E+00 5.1062E+00 2.4336E+00 7.6389E-01 -2.8599E+08
406 1.6913E+01 -7.5549E+00 5.0905E+00 2.4528E+00 7.6389E-01 -2.9113E+08
407 1.6974E+01 -7.5952E+00 5.0756E+00 2.4713E+00 7.6389E-01 -2.9622E+08
408 1.7036E+01 -7.6345E+00 5.0611E+00 2.4892E+00 7.6389E-01 -3.0125E+08
409 1.7098E+01 -7.6727E+00 5.0469E+00 2.5066E+00 7.6389E-01 -3.0641E+08
410 1.7160E+01 -7.7100E+00 5.0331E+00 2.5236E+00 7.6389E-01 -3.1147E+08
411 1.7223E+01 -7.7465E+00 5.0196E+00 2.5402E+00 7.6389E-01 -3.1657E+08
412 1.7282E+01 -7.7803E+00 5.0070E+00 2.5558E+00 7.6389E-01 -3.2145E+08
413 1.7341E+01 -7.8134E+00 4.9948E+00 2.5707E+00 7.6389E-01 -3.2633E+08
414 1.7401E+01 -7.8458E+00 4.9827E+00 2.5853E+00 7.6389E-01 -3.3123E+08
415 1.7461E+01 -7.8777E+00 4.9709E+00 2.5996E+00 7.6389E-01 -3.3599E+08
416 1.7521E+01 -7.9091E+00 4.9592E+00 2.6135E+00 7.6389E-01 -3.4086E+08
417 1.7581E+01 -7.9398E+00 4.9478E+00 2.6272E+00 7.6389E-01 -3.4580E+08
418 1.7642E+01 -7.9702E+00 4.9365E+00 2.6407E+00 7.6389E-01 -3.5058E+08
419 1.7702E+01 -8.0001E+00 4.9254E+00 2.6538E+00 7.6389E-01 -3.5551E+08
420 1.7763E+01 -8.0296E+00 4.9144E+00 2.6668E+00 7.6389E-01 -3.6031E+08
421 1.7824E+01 -8.0586E+00 4.9036E+00 2.6795E+00 7.6389E-01 -3.6537E+08
422 1.7886E+01 -8.0873E+00 4.8929E+00 2.6920E+00 7.6389E-01 -3.7027E+08
423 1.7947E+01 -8.1157E+00 4.8823E+00 2.7043E+00 7.6389E-01 -3.7528E+08
424 1.8009E+01 -8.1437E+00 4.8719E+00 2.7165E+00 7.6389E-01 -3.8040E+08
425 1.8071E+01 -8.1714E+00 4.8615E+00 2.7284E+00 7.6389E-01 -3.8555E+08
426 1.8133E+01 -8.1989E+00 4.8513E+00 2.7402E+00 7.6389E-01 -3.9061E+08
427 1.8195E+01 -8.2260E+00 4.8411E+00 2.7518E+00 7.6389E-01 -3.9581E+08
428 1.8255E+01 -8.2516E+00 4.8315E+00 2.7629E+00 7.6389E-01 -4.0093E+08
429 1.8314E+01 -8.2769E+00 4.8221E+00 2.7736E+00 7.6389E-01 -4.0594E+08
430 1.8374E+01 -8.3021E+00 4.8126E+00 2.7842E+00 7.6389E-01 -4.1095E+08
431 1.8434E+01 -8.3271E+00 4.8033E+00 2.7947E+00 7.6389E-01 -4.1613E+08
432 1.8494E+01 -8.3519E+00 4.7940E+00 2.8050E+00 7.6389E-01 -4.2125E+08
433 1.8554E+01 -8.3766E+00 4.7847E+00 2.8153E+00 7.6389E-01 -4.2661E+08
434 1.8615E+01 -8.4012E+00 4.7755E+00 2.8254E+00 7.6389E-01 -4.3193E+08
435 1.8676E+01 -8.4256E+00 4.7663E+00 2.8355E+00 7.6389E-01 -4.3716E+08
436 1.8736E+01 -8.4500E+00 4.7572E+00 2.8454E+00 7.6389E-01 -4.4254E+08
437 1.8798E+01 -8.4743E+00 4.7480E+00 2.8553E+00 7.6389E-01 -4.4784E+08
438 1.8859E+01 -8.4984E+00 4.7389E+00 2.8650E+00 7.6389E-01 -4.5361E+08
439 1.8920E+01 -8.5226E+00 4.7298E+00 2.8747E+00 7.6389E-01 -4.5894E+08
440 1.8982E+01 -8.5467E+00 4.7208E+00 2.8843E+00 7.6389E-01 -4.6462E+08
441 1.9044E+01 -8.5707E+00 4.7117E+00 2.8939E+00 7.6389E-01 -4.7047E+08
442 1.9106E+01 -8.5947E+00 4.7027E+00 2.9033E+00 7.6389E-01 -4.7631E+08
443 1.9168E+01 -8.6188E+00 4.6936E+00 2.9128E+00 7.6389E-01 -4.8195E+08
444 1.9228E+01 -8.6415E+00 4.6850E+00 2.9219E+00 7.6389E-01 -4.8797E+08
445 1.9287E+01 -8.6644E+00 4.6763E+00 2.9307E+00 7.6389E-01 -4.9344E+08
446 1.9347E+01 -8.6873E+00 4.6677E+00 2.9395E+00 7.6389E-01 -4.9927E+08
447 1.9407E+01 -8.7102E+00 4.6590E+00 2.9483E+00 7.6389E-01 -5.0521E+08
448 1.9467E+01 -8.7332E+00 4.6504E+00 2.9570E+00 7.6389E-01 -5.1122E+08
449 1.9527E+01 -8.7562E+00 4.6416E+00 2.9656E+00 7.6389E-01 -5.1710E+08
450 1.9588E+01 -8.7793E+00 4.6329E+00 2.9743E+00 7.6389E-01 -5.2345E+08
451 1.9649E+01 -8.8025E+00 4.6241E+00 2.9829E+00 7.6389E-01 -5.2980E+08
452 1.9710E+01 -8.8258E+00 4.6152E+00 2.9915E+00 7.6389E-01 -5.3595E+08
453 1.9771E+01 -8.8492E+00 4.6063E+00 3.0001E+00 7.6389E-01 -5.4241E+08
454 1.9832E+01 -8.8728E+00 4.5974E+00 3.0086E+00 7.6389E-01 -5.4890E+08
455 1.9893E+01 -8.8965E+00 4.5884E+00 3.0172E+00 7.6389E-01 -5.5544E+08
456 1.9955E+01 -8.9204E+00 4.5793E+00 3.0257E+00 7.6389E-01 -5.6214E+08
457 2.0017E+01 -8.9444E+00 4.5701E+00 3.0342E+00 7.6389E-01 -5.6927E+08
458 2.0079E+01 -8.9687E+00 4.5609E+00 3.0427E+00 7.6389E-01 -5.7619E+08
459 2.0141E+01 -8.9931E+00 4.5516E+00 3.0512E+00 7.6389E-01 -5.8345E+08
460 2.0201E+01 -9.0167E+00 4.5426E+00 3.0596E+00 7.6389E-01 -5.9049E+08
461 2.0260E+01 -9.0404E+00 4.5335E+00 3.0677E+00 7.6389E-01 -5.9762E+08
462 2.0320E+01 -9.0645E+00 4.5243E+00 3.0758E+00 7.6389E-01 -6.0482E+08
463 2.0380E+01 -9.0888E+00 4.5150E+00 3.0840E+00 7.6389E-01 -6.1255E+08
464 2.0440E+01 -9.1134E+00 4.5056E+00 3.0922E+00 7.6389E-01 -6.2012E+08
465 2.0501E+01 -9.1384E+00 4.4960E+00 3.1004E+00 7.6389E-01 -6.2759E+08
466 2.0561E+01 -9.1636E+00 4.4863E+00 3.1086E+00 7.6389E-01 -6.3593E+08
467 2.0622E+01 -9.1893E+00 4.4765E+00 3.1169E+00 7.6389E-01 -6.4407E+08
468 2.0683E+01 -9.2154E+00 4.4664E+00 3.1252E+00 7.6389E-01 -6.5219E+08
469 2.0744E+01 -9.2419E+00 4.4563E+00 3.1335E+00 7.6389E-01 -6.6081E+08
470 2.0805E+01 -9.2689E+00 4.4456E+00 3.1419E+00 7.6389E-01 -6.6915E+08
471 2.0866E+01 -9.2965E+00 4.4350E+00 3.1504E+00 7.6389E-01 -6.8185E+08
472 2.0928E+01 -9.3245E+00 4.4242E+00 3.1589E+00 7.6389E-01 -6.9488E+08
473 2.0990E+01 -9.3533E+00 4.4131E+00 3.1675E+00 7.6389E-01 -7.0783E+08
474 2.1052E+01 -9.3827E+00 4.4017E+00 3.1762E+00 7.6389E-01 -7.2126E+08
475 2.1114E+01 -9.4128E+00 4.3900E+00 3.1850E+00 7.6389E-01 -7.3483E+08
476 2.1174E+01 -9.4419E+00 4.3788E+00 3.1937E+00 7.6389E-01 -7.4789E+08
