# meshnumber, Mr, Log10Rho, LogT, Log10R/Rsun, Ye, vel
1 0.0000E+00 1.0274E+01 1.0051E+01 -6.3569E+00 4.1274E-01 -1.2739E+05
2 1.1207E-05 1.0273E+01 1.0048E+01 -5.1313E+00 4.1367E-01 -1.9744E+06
3 5.0672E-05 1.0272E+01 1.0047E+01 -4.9255E+00 4.1435E-01 -3.1665E+06
4 1.8964E-04 1.0270E+01 1.0044E+01 -4.7172E+00 4.1518E-01 -5.1119E+06
5 6.7901E-04 1.0268E+01 1.0036E+01 -4.5304E+00 4.1544E-01 -7.8524E+06
6 1.2781E-03 1.0265E+01 1.0041E+01 -4.3762E+00 4.1556E-01 -1.1191E+07
7 2.4022E-03 1.0260E+01 1.0041E+01 -4.2886E+00 4.1579E-01 -1.3688E+07
8 4.5118E-03 1.0253E+01 1.0041E+01 -4.1987E+00 4.1613E-01 -1.6829E+07
9 8.4702E-03 1.0243E+01 1.0040E+01 -4.1072E+00 4.1668E-01 -2.0765E+07
10 1.5898E-02 1.0227E+01 1.0040E+01 -4.0143E+00 4.1753E-01 -2.5700E+07
11 2.9838E-02 1.0202E+01 1.0037E+01 -3.9196E+00 4.1928E-01 -3.1918E+07
12 4.0875E-02 1.0184E+01 1.0035E+01 -3.8421E+00 4.1994E-01 -3.8059E+07
13 5.5994E-02 1.0163E+01 1.0034E+01 -3.7936E+00 4.2104E-01 -4.2508E+07
14 7.6707E-02 1.0135E+01 1.0032E+01 -3.7439E+00 4.2268E-01 -4.7586E+07
15 1.0508E-01 1.0101E+01 1.0031E+01 -3.6927E+00 4.2448E-01 -5.3418E+07
16 1.4395E-01 1.0056E+01 1.0028E+01 -3.6397E+00 4.2696E-01 -6.0162E+07
17 1.9719E-01 9.9657E+00 1.0025E+01 -3.5843E+00 4.2985E-01 -6.8044E+07
18 2.3079E-01 9.9623E+00 1.0022E+01 -3.5361E+00 4.3231E-01 -7.7368E+07
19 2.7013E-01 9.9249E+00 1.0020E+01 -3.5065E+00 4.3539E-01 -8.2089E+07
20 2.9224E-01 9.9006E+00 1.0017E+01 -3.4832E+00 4.3685E-01 -8.5966E+07
21 3.1616E-01 9.8770E+00 1.0015E+01 -3.4675E+00 4.3810E-01 -8.8701E+07
22 3.4204E-01 9.8527E+00 1.0013E+01 -3.4514E+00 4.4039E-01 -9.1631E+07
23 3.7004E-01 9.8270E+00 1.0011E+01 -3.4350E+00 4.4282E-01 -9.4790E+07
24 4.0033E-01 9.8003E+00 1.0009E+01 -3.4182E+00 4.4427E-01 -9.8238E+07
25 4.3310E-01 9.7776E+00 1.0007E+01 -3.4010E+00 4.4558E-01 -1.0209E+08
26 4.6855E-01 9.7409E+00 1.0005E+01 -3.3836E+00 4.4602E-01 -1.0405E+08
27 4.8735E-01 9.7041E+00 1.0003E+01 -3.3680E+00 4.4636E-01 -1.0036E+08
28 5.0690E-01 9.6841E+00 1.0001E+01 -3.3585E+00 4.4737E-01 -1.0274E+08
29 5.2724E-01 9.6631E+00 9.9994E+00 -3.3488E+00 4.4836E-01 -1.0520E+08
30 5.4839E-01 9.6411E+00 9.9975E+00 -3.3389E+00 4.4938E-01 -1.0774E+08
31 5.7040E-01 9.6180E+00 9.9953E+00 -3.3288E+00 4.5043E-01 -1.1037E+08
32 5.9328E-01 9.5937E+00 9.9930E+00 -3.3185E+00 4.5149E-01 -1.1309E+08
33 6.1708E-01 9.5682E+00 9.9905E+00 -3.3080E+00 4.5259E-01 -1.1591E+08
34 6.4184E-01 9.5414E+00 9.9877E+00 -3.2972E+00 4.5371E-01 -1.1883E+08
35 6.6759E-01 9.5131E+00 9.9847E+00 -3.2861E+00 4.5485E-01 -1.2187E+08
36 6.9438E-01 9.4845E+00 9.9821E+00 -3.2747E+00 4.5606E-01 -1.2503E+08
37 7.0817E-01 9.4677E+00 9.9796E+00 -3.2659E+00 4.5657E-01 -1.2747E+08
38 7.2224E-01 9.4516E+00 9.9778E+00 -3.2600E+00 4.5714E-01 -1.2914E+08
39 7.3658E-01 9.4352E+00 9.9760E+00 -3.2539E+00 4.5771E-01 -1.3086E+08
40 7.5122E-01 9.4182E+00 9.9740E+00 -3.2478E+00 4.5829E-01 -1.3261E+08
41 7.6614E-01 9.4007E+00 9.9721E+00 -3.2416E+00 4.5887E-01 -1.3439E+08
42 7.8136E-01 9.3827E+00 9.9700E+00 -3.2352E+00 4.5945E-01 -1.3622E+08
43 7.9688E-01 9.3641E+00 9.9678E+00 -3.2288E+00 4.6003E-01 -1.3808E+08
44 8.1271E-01 9.3449E+00 9.9655E+00 -3.2222E+00 4.6062E-01 -1.3998E+08
45 8.2885E-01 9.3251E+00 9.9631E+00 -3.2155E+00 4.6120E-01 -1.4193E+08
46 8.4532E-01 9.3046E+00 9.9606E+00 -3.2087E+00 4.6176E-01 -1.4392E+08
47 8.6211E-01 9.2834E+00 9.9579E+00 -3.2018E+00 4.6233E-01 -1.4596E+08
48 8.7924E-01 9.2615E+00 9.9552E+00 -3.1947E+00 4.6290E-01 -1.4804E+08
49 8.9670E-01 9.2394E+00 9.9500E+00 -3.1875E+00 4.6356E-01 -1.5017E+08
50 9.1451E-01 9.2165E+00 9.9443E+00 -3.1801E+00 4.6421E-01 -1.5234E+08
51 9.3268E-01 9.1930E+00 9.9426E+00 -3.1726E+00 4.6488E-01 -1.5455E+08
52 9.5121E-01 9.1691E+00 9.9400E+00 -3.1649E+00 4.6515E-01 -1.5679E+08
53 9.6061E-01 9.1536E+00 9.9386E+00 -3.1590E+00 4.6542E-01 -1.5848E+08
54 9.7010E-01 9.1387E+00 9.9372E+00 -3.1550E+00 4.6563E-01 -1.5965E+08
55 9.8937E-01 9.1113E+00 9.9360E+00 -3.1489E+00 4.6588E-01 -1.6146E+08
56 1.0090E+00 9.0828E+00 9.9353E+00 -3.1406E+00 4.6638E-01 -1.6392E+08
57 1.0291E+00 9.0531E+00 9.9313E+00 -3.1320E+00 4.6687E-01 -1.6643E+08
58 1.0495E+00 9.0222E+00 9.9266E+00 -3.1232E+00 4.6737E-01 -1.6898E+08
59 1.0704E+00 8.9901E+00 9.9216E+00 -3.1141E+00 4.6783E-01 -1.7159E+08
60 1.0916E+00 8.9562E+00 9.9171E+00 -3.1047E+00 4.6825E-01 -1.7424E+08
61 1.1133E+00 8.9209E+00 9.9120E+00 -3.0951E+00 4.6864E-01 -1.7693E+08
62 1.1354E+00 8.8840E+00 9.9061E+00 -3.0851E+00 4.6902E-01 -1.7965E+08
63 1.1580E+00 8.8452E+00 9.8999E+00 -3.0748E+00 4.6936E-01 -1.8240E+08
64 1.1810E+00 8.8044E+00 9.8935E+00 -3.0641E+00 4.6967E-01 -1.8516E+08
65 1.2044E+00 8.7610E+00 9.8875E+00 -3.0529E+00 4.6992E-01 -1.8792E+08
66 1.2284E+00 8.7153E+00 9.8808E+00 -3.0414E+00 4.7015E-01 -1.9067E+08
67 1.2528E+00 8.6672E+00 9.8730E+00 -3.0292E+00 4.7038E-01 -1.9337E+08
68 1.2777E+00 8.6162E+00 9.8647E+00 -3.0166E+00 4.7056E-01 -1.9599E+08
69 1.3030E+00 8.5620E+00 9.8557E+00 -3.0033E+00 4.7072E-01 -1.9848E+08
70 1.3289E+00 8.5042E+00 9.8459E+00 -2.9893E+00 4.7084E-01 -2.0077E+08
71 1.3553E+00 8.4426E+00 9.8352E+00 -2.9746E+00 4.7094E-01 -2.0278E+08
72 1.3822E+00 8.3766E+00 9.8235E+00 -2.9590E+00 4.7102E-01 -2.0440E+08
73 1.4097E+00 8.3062E+00 9.8101E+00 -2.9425E+00 4.7118E-01 -2.0549E+08
74 1.4377E+00 8.2307E+00 9.7949E+00 -2.9248E+00 4.7132E-01 -2.0586E+08
75 1.4663E+00 8.1498E+00 9.7874E+00 -2.9059E+00 4.7156E-01 -2.0524E+08
76 1.4954E+00 8.0629E+00 9.7771E+00 -2.8857E+00 4.7178E-01 -2.0335E+08
77 1.5102E+00 8.0173E+00 9.7657E+00 -2.8692E+00 4.7199E-01 -2.0058E+08
78 1.5251E+00 7.9701E+00 9.7631E+00 -2.8578E+00 4.7219E-01 -1.9833E+08
79 1.5288E+00 7.9506E+00 9.7620E+00 -2.8505E+00 4.7290E-01 -1.9656E+08
80 1.5326E+00 7.9305E+00 9.7608E+00 -2.8475E+00 4.7466E-01 -1.9583E+08
81 1.5364E+00 7.9104E+00 9.7581E+00 -2.8444E+00 4.7643E-01 -1.9508E+08
82 1.5402E+00 7.8905E+00 9.7565E+00 -2.8412E+00 4.7821E-01 -1.9429E+08
83 1.5440E+00 7.8705E+00 9.7523E+00 -2.8379E+00 4.8021E-01 -1.9347E+08
84 1.5478E+00 7.8511E+00 9.7502E+00 -2.8345E+00 4.8221E-01 -1.9263E+08
85 1.5516E+00 7.8322E+00 9.7494E+00 -2.8311E+00 4.8421E-01 -1.9174E+08
86 1.5554E+00 7.8133E+00 9.7482E+00 -2.8276E+00 4.8634E-01 -1.9082E+08
87 1.5592E+00 7.7969E+00 9.7475E+00 -2.8240E+00 4.8731E-01 -1.8986E+08
88 1.5631E+00 7.7805E+00 9.7457E+00 -2.8203E+00 4.8826E-01 -1.8885E+08
89 1.5669E+00 7.7639E+00 9.7439E+00 -2.8166E+00 4.8922E-01 -1.8779E+08
90 1.5708E+00 7.7472E+00 9.7420E+00 -2.8128E+00 4.9016E-01 -1.8669E+08
91 1.5746E+00 7.7306E+00 9.7399E+00 -2.8090E+00 4.9120E-01 -1.8554E+08
92 1.5785E+00 7.7137E+00 9.7378E+00 -2.8052E+00 4.9227E-01 -1.8434E+08
93 1.5824E+00 7.6969E+00 9.7356E+00 -2.8012E+00 4.9328E-01 -1.8308E+08
94 1.5863E+00 7.6796E+00 9.7336E+00 -2.7972E+00 4.9425E-01 -1.8178E+08
95 1.5941E+00 7.6417E+00 9.7325E+00 -2.7912E+00 4.9435E-01 -1.7976E+08
96 1.6020E+00 7.6027E+00 9.7313E+00 -2.7828E+00 4.9444E-01 -1.7682E+08
97 1.6099E+00 7.5631E+00 9.7295E+00 -2.7741E+00 4.9456E-01 -1.7364E+08
98 1.6178E+00 7.5159E+00 9.7206E+00 -2.7651E+00 4.9467E-01 -1.7021E+08
99 1.6338E+00 7.4539E+00 9.7166E+00 -2.7510E+00 4.9478E-01 -1.6477E+08
100 1.6499E+00 7.3945E+00 9.7015E+00 -2.7318E+00 4.9482E-01 -1.5665E+08
101 1.6827E+00 7.2753E+00 9.6718E+00 -2.7031E+00 4.9486E-01 -1.4429E+08
102 1.7161E+00 7.1702E+00 9.6374E+00 -2.6631E+00 4.9486E-01 -1.2552E+08
103 1.7502E+00 7.0664E+00 9.6028E+00 -2.6237E+00 4.9482E-01 -1.0716E+08
104 1.7850E+00 6.9603E+00 9.5682E+00 -2.5847E+00 4.9479E-01 -9.0297E+07
105 1.8204E+00 6.8519E+00 9.5325E+00 -2.5459E+00 4.9474E-01 -7.4986E+07
106 1.8566E+00 6.7245E+00 9.5008E+00 -2.5070E+00 4.9466E-01 -6.1342E+07
107 1.8935E+00 6.5482E+00 9.4802E+00 -2.4666E+00 4.9518E-01 -4.9074E+07
108 1.9311E+00 6.4116E+00 9.4441E+00 -2.4207E+00 4.9454E-01 -3.7267E+07
109 1.9695E+00 6.2801E+00 9.4036E+00 -2.3742E+00 4.9421E-01 -2.7755E+07
110 2.0086E+00 6.1436E+00 9.3600E+00 -2.3276E+00 4.9416E-01 -2.0375E+07
111 2.0485E+00 5.9577E+00 9.3234E+00 -2.2805E+00 4.9417E-01 -1.4771E+07
112 2.0892E+00 5.7787E+00 9.2790E+00 -2.2283E+00 4.9417E-01 -1.0327E+07
113 2.1307E+00 5.6022E+00 9.2291E+00 -2.1729E+00 4.9418E-01 -7.1817E+06
114 2.1730E+00 5.2488E+00 9.2048E+00 -2.1155E+00 4.9420E-01 -5.1091E+06
115 2.2161E+00 5.0745E+00 9.1635E+00 -2.0342E+00 4.9888E-01 -3.3164E+06
116 2.2602E+00 4.9567E+00 9.1278E+00 -1.9613E+00 4.9899E-01 -2.3032E+06
117 2.3051E+00 4.8663E+00 9.0973E+00 -1.8998E+00 4.9900E-01 -1.7273E+06
118 2.3508E+00 4.7847E+00 9.0717E+00 -1.8475E+00 4.9900E-01 -1.3707E+06
119 2.3975E+00 4.7164E+00 9.0493E+00 -1.8016E+00 4.9900E-01 -1.1428E+06
120 2.4452E+00 4.6569E+00 9.0294E+00 -1.7610E+00 4.9900E-01 -9.8946E+05
121 2.4937E+00 4.6041E+00 9.0116E+00 -1.7245E+00 4.9900E-01 -8.8167E+05
122 2.5433E+00 4.5568E+00 8.9954E+00 -1.6915E+00 4.9900E-01 -8.0592E+05
123 2.5938E+00 4.5138E+00 8.9805E+00 -1.6613E+00 4.9900E-01 -7.5320E+05
124 2.6453E+00 4.4742E+00 8.9668E+00 -1.6334E+00 4.9900E-01 -7.1212E+05
125 2.6979E+00 4.4376E+00 8.9541E+00 -1.6076E+00 4.9900E-01 -6.8713E+05
126 2.7515E+00 4.4034E+00 8.9421E+00 -1.5835E+00 4.9900E-01 -6.6639E+05
127 2.8061E+00 4.3713E+00 8.9309E+00 -1.5608E+00 4.9900E-01 -6.5387E+05
128 2.8618E+00 4.3410E+00 8.9202E+00 -1.5394E+00 4.9900E-01 -6.4436E+05
129 2.9187E+00 4.3122E+00 8.9101E+00 -1.5192E+00 4.9900E-01 -6.3981E+05
130 2.9767E+00 4.2847E+00 8.9004E+00 -1.4999E+00 4.9900E-01 -6.3266E+05
131 3.0358E+00 4.2584E+00 8.8911E+00 -1.4816E+00 4.9900E-01 -6.3532E+05
132 3.0961E+00 4.2331E+00 8.8822E+00 -1.4640E+00 4.9900E-01 -6.3497E+05
133 3.1576E+00 4.2088E+00 8.8736E+00 -1.4471E+00 4.9900E-01 -6.3910E+05
134 3.2203E+00 4.1852E+00 8.8652E+00 -1.4309E+00 4.9900E-01 -6.4228E+05
135 3.2843E+00 4.1623E+00 8.8571E+00 -1.4152E+00 4.9900E-01 -6.4289E+05
136 3.3496E+00 4.1401E+00 8.8492E+00 -1.4001E+00 4.9900E-01 -6.5093E+05
137 3.3827E+00 4.1291E+00 8.8453E+00 -1.3890E+00 4.9900E-01 -6.4806E+05
138 3.4161E+00 4.1183E+00 8.8414E+00 -1.3818E+00 4.9900E-01 -6.6172E+05
139 3.4499E+00 4.1076E+00 8.8376E+00 -1.3747E+00 4.9900E-01 -6.5576E+05
140 3.4839E+00 4.0970E+00 8.8339E+00 -1.3677E+00 4.9900E-01 -6.6153E+05
141 3.5184E+00 4.0866E+00 8.8302E+00 -1.3608E+00 4.9900E-01 -6.7154E+05
142 3.5532E+00 4.0762E+00 8.8265E+00 -1.3540E+00 4.9900E-01 -6.6098E+05
143 3.5883E+00 4.0659E+00 8.8228E+00 -1.3472E+00 4.9900E-01 -6.6812E+05
144 3.6237E+00 4.0558E+00 8.8192E+00 -1.3406E+00 4.9900E-01 -6.8459E+05
145 3.6596E+00 4.0457E+00 8.8156E+00 -1.3340E+00 4.9900E-01 -6.7670E+05
146 3.6957E+00 4.0357E+00 8.8120E+00 -1.3275E+00 4.9900E-01 -6.7938E+05
147 3.7322E+00 4.0258E+00 8.8085E+00 -1.3211E+00 4.9900E-01 -6.8351E+05
148 3.7691E+00 4.0159E+00 8.8050E+00 -1.3148E+00 4.9900E-01 -6.9407E+05
149 3.8064E+00 4.0061E+00 8.8014E+00 -1.3085E+00 4.9900E-01 -6.8759E+05
150 3.8440E+00 3.9963E+00 8.7980E+00 -1.3023E+00 4.9900E-01 -6.9754E+05
151 3.8820E+00 3.9867E+00 8.7945E+00 -1.2962E+00 4.9900E-01 -7.0607E+05
152 3.9204E+00 3.9770E+00 8.7911E+00 -1.2901E+00 4.9900E-01 -7.0463E+05
153 3.9591E+00 3.9675E+00 8.7876E+00 -1.2841E+00 4.9900E-01 -7.0958E+05
154 3.9983E+00 3.9579E+00 8.7842E+00 -1.2781E+00 4.9900E-01 -7.0859E+05
155 4.0378E+00 3.9483E+00 8.7808E+00 -1.2722E+00 4.9900E-01 -7.1361E+05
156 4.0777E+00 3.9389E+00 8.7774E+00 -1.2663E+00 4.9900E-01 -7.2633E+05
157 4.1180E+00 3.9294E+00 8.7741E+00 -1.2605E+00 4.9900E-01 -7.2243E+05
158 4.1587E+00 3.9200E+00 8.7707E+00 -1.2548E+00 4.9900E-01 -7.2495E+05
159 4.1998E+00 3.9106E+00 8.7673E+00 -1.2490E+00 4.9900E-01 -7.3634E+05
160 4.2413E+00 3.9013E+00 8.7640E+00 -1.2434E+00 4.9900E-01 -7.4029E+05
161 4.2832E+00 3.8920E+00 8.7606E+00 -1.2378E+00 4.9900E-01 -7.4834E+05
162 4.3255E+00 3.8826E+00 8.7573E+00 -1.2322E+00 4.9900E-01 -7.3495E+05
163 4.3683E+00 3.8733E+00 8.7540E+00 -1.2266E+00 4.9900E-01 -7.5848E+05
164 4.4115E+00 3.8640E+00 8.7506E+00 -1.2211E+00 4.9900E-01 -7.5358E+05
165 4.4551E+00 3.8547E+00 8.7473E+00 -1.2157E+00 4.9900E-01 -7.6023E+05
166 4.4991E+00 3.8453E+00 8.7439E+00 -1.2102E+00 4.9900E-01 -7.6022E+05
167 4.5436E+00 3.8360E+00 8.7406E+00 -1.2048E+00 4.9900E-01 -7.6658E+05
168 4.5885E+00 3.8268E+00 8.7373E+00 -1.1995E+00 4.9900E-01 -7.7792E+05
169 4.6229E+00 3.8197E+00 8.7347E+00 -1.1948E+00 4.9900E-01 -7.7290E+05
170 4.6575E+00 3.8126E+00 8.7322E+00 -1.1907E+00 4.9900E-01 -7.8738E+05
171 4.6924E+00 3.8055E+00 8.7297E+00 -1.1867E+00 4.9900E-01 -7.8721E+05
172 4.7276E+00 3.7984E+00 8.7271E+00 -1.1827E+00 4.9900E-01 -7.8539E+05
173 4.7631E+00 3.7914E+00 8.7246E+00 -1.1787E+00 4.9900E-01 -7.9344E+05
174 4.7988E+00 3.7842E+00 8.7220E+00 -1.1747E+00 4.9900E-01 -7.9170E+05
175 4.8348E+00 3.7771E+00 8.7194E+00 -1.1708E+00 4.9900E-01 -7.9020E+05
176 4.8710E+00 3.7700E+00 8.7169E+00 -1.1668E+00 4.9900E-01 -8.0955E+05
177 4.9075E+00 3.7629E+00 8.7143E+00 -1.1629E+00 4.9900E-01 -8.0938E+05
178 4.9443E+00 3.7557E+00 8.7118E+00 -1.1590E+00 4.9900E-01 -8.0851E+05
179 4.9814E+00 3.7486E+00 8.7092E+00 -1.1551E+00 4.9900E-01 -8.1723E+05
180 5.0187E+00 3.7414E+00 8.7066E+00 -1.1512E+00 4.9900E-01 -8.1720E+05
181 5.0564E+00 3.7342E+00 8.7040E+00 -1.1473E+00 4.9900E-01 -8.2396E+05
182 5.0943E+00 3.7270E+00 8.7014E+00 -1.1434E+00 4.9900E-01 -8.2261E+05
183 5.1325E+00 3.7198E+00 8.6989E+00 -1.1395E+00 4.9900E-01 -8.3243E+05
184 5.1709E+00 3.7126E+00 8.6963E+00 -1.1357E+00 4.9900E-01 -8.4114E+05
185 5.2097E+00 3.7052E+00 8.6936E+00 -1.1318E+00 4.9900E-01 -8.2758E+05
186 5.2488E+00 3.6979E+00 8.6910E+00 -1.1280E+00 4.9900E-01 -8.3661E+05
187 5.2881E+00 3.6906E+00 8.6884E+00 -1.1242E+00 4.9900E-01 -8.5423E+05
188 5.3278E+00 3.6833E+00 8.6857E+00 -1.1204E+00 4.9900E-01 -8.4377E+05
189 5.3677E+00 3.6759E+00 8.6831E+00 -1.1165E+00 4.9900E-01 -8.5258E+05
190 5.4079E+00 3.6685E+00 8.6804E+00 -1.1127E+00 4.9900E-01 -8.6266E+05
191 5.4485E+00 3.6611E+00 8.6778E+00 -1.1089E+00 4.9900E-01 -8.6923E+05
192 5.4893E+00 3.6536E+00 8.6751E+00 -1.1051E+00 4.9900E-01 -8.5675E+05
193 5.5305E+00 3.6461E+00 8.6723E+00 -1.1014E+00 4.9900E-01 -8.6641E+05
194 5.5720E+00 3.6387E+00 8.6697E+00 -1.0976E+00 4.9900E-01 -8.8517E+05
195 5.6137E+00 3.6311E+00 8.6669E+00 -1.0938E+00 4.9900E-01 -8.7330E+05
196 5.6558E+00 3.6234E+00 8.6642E+00 -1.0900E+00 4.9900E-01 -8.8120E+05
197 5.6982E+00 3.6158E+00 8.6615E+00 -1.0863E+00 4.9900E-01 -8.9131E+05
198 5.7409E+00 3.6082E+00 8.6587E+00 -1.0825E+00 4.9900E-01 -8.8955E+05
199 5.7840E+00 3.6005E+00 8.6559E+00 -1.0787E+00 4.9900E-01 -8.9725E+05
200 5.8273E+00 3.5927E+00 8.6531E+00 -1.0750E+00 4.9900E-01 -8.9612E+05
201 5.8626E+00 3.5864E+00 8.6509E+00 -1.0716E+00 4.9900E-01 -9.0704E+05
202 5.8980E+00 3.5801E+00 8.6486E+00 -1.0686E+00 4.9900E-01 -9.0671E+05
203 5.9336E+00 3.5738E+00 8.6463E+00 -1.0655E+00 4.9900E-01 -9.1447E+05
204 5.9695E+00 3.5674E+00 8.6440E+00 -1.0625E+00 4.9900E-01 -9.2170E+05
205 6.0055E+00 3.5610E+00 8.6417E+00 -1.0595E+00 4.9900E-01 -9.1404E+05
206 6.0418E+00 3.5545E+00 8.6394E+00 -1.0565E+00 4.9900E-01 -9.2098E+05
207 6.0783E+00 3.5481E+00 8.6371E+00 -1.0534E+00 4.9900E-01 -9.2785E+05
208 6.1151E+00 3.5416E+00 8.6347E+00 -1.0504E+00 4.9900E-01 -9.3582E+05
209 6.1520E+00 3.5351E+00 8.6324E+00 -1.0474E+00 4.9900E-01 -9.4060E+05
210 6.1892E+00 3.5284E+00 8.6300E+00 -1.0444E+00 4.9900E-01 -9.2285E+05
211 6.2266E+00 3.5219E+00 8.6276E+00 -1.0413E+00 4.9900E-01 -9.5321E+05
212 6.2642E+00 3.5152E+00 8.6252E+00 -1.0383E+00 4.9900E-01 -9.3920E+05
213 6.3020E+00 3.5086E+00 8.6228E+00 -1.0353E+00 4.9900E-01 -9.5504E+05
214 6.3401E+00 3.5018E+00 8.6204E+00 -1.0322E+00 4.9900E-01 -9.5260E+05
215 6.3784E+00 3.4952E+00 8.6180E+00 -1.0292E+00 4.9900E-01 -9.6965E+05
216 6.4170E+00 3.4883E+00 8.6155E+00 -1.0262E+00 4.9900E-01 -9.5291E+05
217 6.4557E+00 3.4814E+00 8.6130E+00 -1.0231E+00 4.9900E-01 -9.5992E+05
218 6.4947E+00 3.4745E+00 8.6106E+00 -1.0201E+00 4.9900E-01 -9.7805E+05
219 6.5340E+00 3.4676E+00 8.6081E+00 -1.0171E+00 4.9900E-01 -9.7521E+05
220 6.5735E+00 3.4607E+00 8.6056E+00 -1.0140E+00 4.9900E-01 -9.8230E+05
221 6.6132E+00 3.4536E+00 8.6030E+00 -1.0110E+00 4.9900E-01 -9.7546E+05
222 6.6531E+00 3.4466E+00 8.6005E+00 -1.0079E+00 4.9901E-01 -9.9247E+05
223 6.6933E+00 3.4394E+00 8.5978E+00 -1.0049E+00 4.9903E-01 -9.7946E+05
224 6.7338E+00 3.4323E+00 8.5953E+00 -1.0018E+00 4.9904E-01 -1.0054E+06
225 6.7745E+00 3.4250E+00 8.5927E+00 -9.9875E-01 4.9904E-01 -9.9794E+05
226 6.8154E+00 3.4177E+00 8.5901E+00 -9.9568E-01 4.9902E-01 -1.0075E+06
227 6.8566E+00 3.4104E+00 8.5874E+00 -9.9261E-01 4.9902E-01 -1.0111E+06
228 6.8980E+00 3.4030E+00 8.5848E+00 -9.8953E-01 4.9902E-01 -1.0146E+06
229 6.9397E+00 3.3956E+00 8.5821E+00 -9.8645E-01 4.9902E-01 -1.0192E+06
230 6.9816E+00 3.3881E+00 8.5794E+00 -9.8336E-01 4.9902E-01 -1.0229E+06
231 7.0238E+00 3.3805E+00 8.5766E+00 -9.8026E-01 4.9903E-01 -1.0275E+06
232 7.0662E+00 3.3729E+00 8.5739E+00 -9.7716E-01 4.9903E-01 -1.0322E+06
233 7.0841E+00 3.3697E+00 8.5727E+00 -9.7498E-01 4.9903E-01 -1.0365E+06
234 7.1020E+00 3.3664E+00 8.5716E+00 -9.7368E-01 4.9902E-01 -1.0366E+06
235 7.1200E+00 3.3632E+00 8.5704E+00 -9.7237E-01 4.9903E-01 -1.0399E+06
236 7.1380E+00 3.3600E+00 8.5692E+00 -9.7107E-01 4.9903E-01 -1.0458E+06
237 7.1560E+00 3.3567E+00 8.5680E+00 -9.6976E-01 4.9903E-01 -1.0425E+06
238 7.1741E+00 3.3534E+00 8.5669E+00 -9.6845E-01 4.9902E-01 -1.0476E+06
239 7.1922E+00 3.3501E+00 8.5657E+00 -9.6714E-01 4.9902E-01 -1.0479E+06
240 7.2104E+00 3.3468E+00 8.5645E+00 -9.6583E-01 4.9902E-01 -1.0507E+06
241 7.2286E+00 3.3435E+00 8.5633E+00 -9.6452E-01 4.9903E-01 -1.0491E+06
242 7.2469E+00 3.3402E+00 8.5621E+00 -9.6320E-01 4.9903E-01 -1.0569E+06
243 7.2652E+00 3.3369E+00 8.5609E+00 -9.6189E-01 4.9903E-01 -1.0589E+06
244 7.2836E+00 3.3335E+00 8.5597E+00 -9.6057E-01 4.9902E-01 -1.0589E+06
245 7.3020E+00 3.3301E+00 8.5585E+00 -9.5925E-01 4.9902E-01 -1.0633E+06
246 7.3204E+00 3.3268E+00 8.5573E+00 -9.5793E-01 4.9902E-01 -1.0617E+06
247 7.3389E+00 3.3234E+00 8.5561E+00 -9.5661E-01 4.9902E-01 -1.0696E+06
248 7.3575E+00 3.3200E+00 8.5549E+00 -9.5529E-01 4.9902E-01 -1.0676E+06
249 7.3761E+00 3.3166E+00 8.5536E+00 -9.5396E-01 4.9902E-01 -1.0674E+06
250 7.3947E+00 3.3132E+00 8.5524E+00 -9.5264E-01 4.9902E-01 -1.0701E+06
251 7.4134E+00 3.3097E+00 8.5511E+00 -9.5131E-01 4.9903E-01 -1.0713E+06
252 7.4321E+00 3.3063E+00 8.5499E+00 -9.4998E-01 4.9902E-01 -1.0805E+06
253 7.4509E+00 3.3028E+00 8.5487E+00 -9.4865E-01 4.9902E-01 -1.0765E+06
254 7.4697E+00 3.2993E+00 8.5474E+00 -9.4731E-01 4.9902E-01 -1.0843E+06
255 7.4886E+00 3.2958E+00 8.5462E+00 -9.4598E-01 4.9902E-01 -1.0798E+06
256 7.5075E+00 3.2923E+00 8.5449E+00 -9.4464E-01 4.9902E-01 -1.0837E+06
257 7.5265E+00 3.2888E+00 8.5436E+00 -9.4330E-01 4.9901E-01 -1.0867E+06
258 7.5455E+00 3.2853E+00 8.5423E+00 -9.4196E-01 4.9902E-01 -1.0905E+06
259 7.5646E+00 3.2817E+00 8.5411E+00 -9.4062E-01 4.9902E-01 -1.0884E+06
260 7.5837E+00 3.2782E+00 8.5398E+00 -9.3928E-01 4.9902E-01 -1.0945E+06
261 7.6029E+00 3.2745E+00 8.5385E+00 -9.3793E-01 4.9902E-01 -1.0922E+06
262 7.6221E+00 3.2710E+00 8.5372E+00 -9.3658E-01 4.9903E-01 -1.0986E+06
263 7.6414E+00 3.2673E+00 8.5359E+00 -9.3523E-01 4.9903E-01 -1.0992E+06
264 7.6607E+00 3.2637E+00 8.5346E+00 -9.3388E-01 4.9903E-01 -1.1025E+06
265 7.6800E+00 3.2601E+00 8.5333E+00 -9.3253E-01 4.9903E-01 -1.1045E+06
266 7.6995E+00 3.2564E+00 8.5320E+00 -9.3117E-01 4.9901E-01 -1.1105E+06
267 7.7189E+00 3.2527E+00 8.5306E+00 -9.2981E-01 4.9902E-01 -1.1090E+06
268 7.7384E+00 3.2490E+00 8.5293E+00 -9.2845E-01 4.9902E-01 -1.1107E+06
269 7.7580E+00 3.2453E+00 8.5280E+00 -9.2709E-01 4.9902E-01 -1.1151E+06
270 7.7776E+00 3.2416E+00 8.5266E+00 -9.2572E-01 4.9902E-01 -1.1149E+06
271 7.7972E+00 3.2378E+00 8.5253E+00 -9.2436E-01 4.9902E-01 -1.1201E+06
272 7.8170E+00 3.2341E+00 8.5239E+00 -9.2299E-01 4.9902E-01 -1.1220E+06
273 7.8367E+00 3.2303E+00 8.5226E+00 -9.2162E-01 4.9902E-01 -1.1239E+06
274 7.8565E+00 3.2265E+00 8.5212E+00 -9.2024E-01 4.9902E-01 -1.1258E+06
275 7.8764E+00 3.2227E+00 8.5198E+00 -9.1886E-01 4.9902E-01 -1.1283E+06
276 7.8963E+00 3.2188E+00 8.5184E+00 -9.1748E-01 4.9902E-01 -1.1291E+06
277 7.9162E+00 3.2150E+00 8.5171E+00 -9.1610E-01 4.9903E-01 -1.1337E+06
278 7.9362E+00 3.2111E+00 8.5156E+00 -9.1472E-01 4.9903E-01 -1.1330E+06
279 7.9563E+00 3.2073E+00 8.5142E+00 -9.1333E-01 4.9904E-01 -1.1350E+06
280 7.9764E+00 3.2033E+00 8.5128E+00 -9.1194E-01 4.9902E-01 -1.1424E+06
281 7.9966E+00 3.1993E+00 8.5114E+00 -9.1055E-01 4.9902E-01 -1.1453E+06
282 8.0168E+00 3.1954E+00 8.5100E+00 -9.0916E-01 4.9902E-01 -1.1453E+06
283 8.0370E+00 3.1915E+00 8.5086E+00 -9.0776E-01 4.9903E-01 -1.1475E+06
284 8.0574E+00 3.1875E+00 8.5071E+00 -9.0636E-01 4.9903E-01 -1.1523E+06
285 8.0777E+00 3.1835E+00 8.5057E+00 -9.0495E-01 4.9903E-01 -1.1524E+06
286 8.0981E+00 3.1794E+00 8.5043E+00 -9.0355E-01 4.9902E-01 -1.1600E+06
287 8.1186E+00 3.1754E+00 8.5028E+00 -9.0214E-01 4.9902E-01 -1.1598E+06
288 8.1391E+00 3.1713E+00 8.5014E+00 -9.0073E-01 4.9901E-01 -1.1615E+06
289 8.1597E+00 3.1672E+00 8.4999E+00 -8.9931E-01 4.9901E-01 -1.1616E+06
290 8.1803E+00 3.1631E+00 8.4984E+00 -8.9789E-01 4.9902E-01 -1.1676E+06
291 8.2010E+00 3.1590E+00 8.4969E+00 -8.9647E-01 4.9902E-01 -1.1707E+06
292 8.2217E+00 3.1548E+00 8.4954E+00 -8.9505E-01 4.9902E-01 -1.1704E+06
293 8.2425E+00 3.1506E+00 8.4939E+00 -8.9362E-01 4.9902E-01 -1.1707E+06
294 8.2633E+00 3.1464E+00 8.4924E+00 -8.9219E-01 4.9901E-01 -1.1801E+06
295 8.2842E+00 3.1422E+00 8.4909E+00 -8.9075E-01 4.9901E-01 -1.1798E+06
296 8.3051E+00 3.1379E+00 8.4894E+00 -8.8932E-01 4.9901E-01 -1.1814E+06
297 8.3232E+00 3.1342E+00 8.4880E+00 -8.8798E-01 4.9902E-01 -1.1832E+06
298 8.3413E+00 3.1305E+00 8.4867E+00 -8.8674E-01 4.9902E-01 -1.1822E+06
299 8.3594E+00 3.1268E+00 8.4854E+00 -8.8549E-01 4.9903E-01 -1.1904E+06
300 8.3776E+00 3.1231E+00 8.4840E+00 -8.8424E-01 4.9903E-01 -1.1899E+06
301 8.3958E+00 3.1194E+00 8.4827E+00 -8.8299E-01 4.9903E-01 -1.1939E+06
302 8.4141E+00 3.1156E+00 8.4813E+00 -8.8174E-01 4.9903E-01 -1.1957E+06
303 8.4324E+00 3.1118E+00 8.4800E+00 -8.8048E-01 4.9903E-01 -1.2030E+06
304 8.4507E+00 3.1080E+00 8.4786E+00 -8.7922E-01 4.9901E-01 -1.2036E+06
305 8.4691E+00 3.1041E+00 8.4772E+00 -8.7796E-01 4.9902E-01 -1.2016E+06
306 8.4875E+00 3.1003E+00 8.4758E+00 -8.7670E-01 4.9902E-01 -1.2067E+06
307 8.5060E+00 3.0964E+00 8.4745E+00 -8.7543E-01 4.9902E-01 -1.2114E+06
308 8.5245E+00 3.0925E+00 8.4731E+00 -8.7416E-01 4.9902E-01 -1.2103E+06
309 8.5430E+00 3.0886E+00 8.4717E+00 -8.7288E-01 4.9902E-01 -1.2148E+06
310 8.5616E+00 3.0847E+00 8.4702E+00 -8.7161E-01 4.9902E-01 -1.2151E+06
311 8.5802E+00 3.0807E+00 8.4688E+00 -8.7033E-01 4.9902E-01 -1.2183E+06
312 8.5989E+00 3.0768E+00 8.4674E+00 -8.6904E-01 4.9903E-01 -1.2210E+06
313 8.6176E+00 3.0728E+00 8.4660E+00 -8.6776E-01 4.9903E-01 -1.2248E+06
314 8.6363E+00 3.0687E+00 8.4645E+00 -8.6647E-01 4.9902E-01 -1.2265E+06
315 8.6551E+00 3.0647E+00 8.4631E+00 -8.6518E-01 4.9901E-01 -1.2314E+06
316 8.6739E+00 3.0606E+00 8.4616E+00 -8.6388E-01 4.9902E-01 -1.2285E+06
317 8.6928E+00 3.0566E+00 8.4601E+00 -8.6258E-01 4.9902E-01 -1.2341E+06
318 8.7117E+00 3.0525E+00 8.4587E+00 -8.6128E-01 4.9902E-01 -1.2386E+06
319 8.7307E+00 3.0483E+00 8.4572E+00 -8.5997E-01 4.9901E-01 -1.2404E+06
320 8.7497E+00 3.0442E+00 8.4557E+00 -8.5866E-01 4.9901E-01 -1.2419E+06
321 8.7687E+00 3.0400E+00 8.4542E+00 -8.5735E-01 4.9901E-01 -1.2465E+06
322 8.7878E+00 3.0358E+00 8.4527E+00 -8.5604E-01 4.9902E-01 -1.2474E+06
323 8.8069E+00 3.0316E+00 8.4512E+00 -8.5472E-01 4.9901E-01 -1.2508E+06
324 8.8260E+00 3.0273E+00 8.4497E+00 -8.5339E-01 4.9901E-01 -1.2536E+06
325 8.8452E+00 3.0230E+00 8.4481E+00 -8.5207E-01 4.9902E-01 -1.2549E+06
326 8.8645E+00 3.0187E+00 8.4466E+00 -8.5073E-01 4.9902E-01 -1.2565E+06
327 8.8837E+00 3.0144E+00 8.4450E+00 -8.4940E-01 4.9901E-01 -1.2632E+06
328 8.9031E+00 3.0100E+00 8.4435E+00 -8.4806E-01 4.9901E-01 -1.2641E+06
329 8.9224E+00 3.0057E+00 8.4419E+00 -8.4672E-01 4.9902E-01 -1.2668E+06
330 8.9418E+00 3.0012E+00 8.4403E+00 -8.4537E-01 4.9902E-01 -1.2686E+06
331 8.9613E+00 2.9968E+00 8.4387E+00 -8.4402E-01 4.9902E-01 -1.2721E+06
332 8.9808E+00 2.9923E+00 8.4371E+00 -8.4266E-01 4.9902E-01 -1.2745E+06
333 9.0003E+00 2.9879E+00 8.4355E+00 -8.4131E-01 4.9903E-01 -1.2807E+06
334 9.0199E+00 2.9833E+00 8.4339E+00 -8.3994E-01 4.9903E-01 -1.2817E+06
335 9.0395E+00 2.9787E+00 8.4323E+00 -8.3857E-01 4.9901E-01 -1.2855E+06
336 9.0591E+00 2.9742E+00 8.4306E+00 -8.3720E-01 4.9901E-01 -1.2862E+06
337 9.0788E+00 2.9695E+00 8.4290E+00 -8.3583E-01 4.9902E-01 -1.2896E+06
338 9.0986E+00 2.9649E+00 8.4273E+00 -8.3444E-01 4.9902E-01 -1.2930E+06
339 9.1184E+00 2.9602E+00 8.4256E+00 -8.3306E-01 4.9902E-01 -1.2972E+06
340 9.1382E+00 2.9555E+00 8.4240E+00 -8.3167E-01 4.9901E-01 -1.3008E+06
341 9.1581E+00 2.9508E+00 8.4223E+00 -8.3027E-01 4.9901E-01 -1.3025E+06
342 9.1780E+00 2.9460E+00 8.4205E+00 -8.2887E-01 4.9902E-01 -1.3032E+06
343 9.1980E+00 2.9412E+00 8.4188E+00 -8.2747E-01 4.9902E-01 -1.3090E+06
344 9.2180E+00 2.9364E+00 8.4171E+00 -8.2606E-01 4.9903E-01 -1.3127E+06
345 9.2380E+00 2.9315E+00 8.4153E+00 -8.2465E-01 4.9902E-01 -1.3131E+06
346 9.2581E+00 2.9266E+00 8.4136E+00 -8.2323E-01 4.9902E-01 -1.3172E+06
347 9.2782E+00 2.9217E+00 8.4118E+00 -8.2180E-01 4.9902E-01 -1.3206E+06
348 9.2984E+00 2.9167E+00 8.4100E+00 -8.2037E-01 4.9903E-01 -1.3232E+06
349 9.3186E+00 2.9117E+00 8.4082E+00 -8.1893E-01 4.9903E-01 -1.3280E+06
350 9.3389E+00 2.9066E+00 8.4064E+00 -8.1749E-01 4.9902E-01 -1.3312E+06
351 9.3592E+00 2.9015E+00 8.4046E+00 -8.1605E-01 4.9902E-01 -1.3354E+06
352 9.3796E+00 2.8964E+00 8.4028E+00 -8.1460E-01 4.9902E-01 -1.3362E+06
353 9.4000E+00 2.8912E+00 8.4009E+00 -8.1314E-01 4.9903E-01 -1.3394E+06
354 9.4204E+00 2.8860E+00 8.3991E+00 -8.1167E-01 4.9903E-01 -1.3468E+06
355 9.4409E+00 2.8808E+00 8.3972E+00 -8.1020E-01 4.9902E-01 -1.3476E+06
356 9.4614E+00 2.8755E+00 8.3953E+00 -8.0873E-01 4.9902E-01 -1.3504E+06
357 9.4820E+00 2.8702E+00 8.3934E+00 -8.0725E-01 4.9902E-01 -1.3557E+06
358 9.5026E+00 2.8648E+00 8.3915E+00 -8.0576E-01 4.9902E-01 -1.3577E+06
359 9.5233E+00 2.8594E+00 8.3896E+00 -8.0426E-01 4.9901E-01 -1.3618E+06
360 9.5440E+00 2.8539E+00 8.3876E+00 -8.0276E-01 4.9902E-01 -1.3624E+06
361 9.5622E+00 2.8491E+00 8.3859E+00 -8.0135E-01 4.9902E-01 -1.3687E+06
362 9.5805E+00 2.8442E+00 8.3841E+00 -8.0002E-01 4.9903E-01 -1.3690E+06
363 9.5988E+00 2.8393E+00 8.3824E+00 -7.9869E-01 4.9904E-01 -1.3727E+06
364 9.6171E+00 2.8344E+00 8.3806E+00 -7.9735E-01 4.9903E-01 -1.3798E+06
365 9.6354E+00 2.8294E+00 8.3788E+00 -7.9601E-01 4.9902E-01 -1.3827E+06
366 9.6538E+00 2.8244E+00 8.3771E+00 -7.9466E-01 4.9902E-01 -1.3858E+06
367 9.6723E+00 2.8193E+00 8.3753E+00 -7.9330E-01 4.9901E-01 -1.3874E+06
368 9.6907E+00 2.8143E+00 8.3734E+00 -7.9194E-01 4.9902E-01 -1.3915E+06
369 9.7092E+00 2.8091E+00 8.3716E+00 -7.9057E-01 4.9902E-01 -1.3931E+06
370 9.7278E+00 2.8040E+00 8.3698E+00 -7.8920E-01 4.9902E-01 -1.3964E+06
371 9.7463E+00 2.7987E+00 8.3679E+00 -7.8782E-01 4.9902E-01 -1.3999E+06
372 9.7649E+00 2.7935E+00 8.3660E+00 -7.8644E-01 4.9902E-01 -1.4026E+06
373 9.7836E+00 2.7882E+00 8.3641E+00 -7.8505E-01 4.9903E-01 -1.4083E+06
374 9.8022E+00 2.7829E+00 8.3622E+00 -7.8365E-01 4.9903E-01 -1.4080E+06
375 9.8210E+00 2.7775E+00 8.3603E+00 -7.8225E-01 4.9903E-01 -1.4160E+06
376 9.8397E+00 2.7721E+00 8.3584E+00 -7.8084E-01 4.9903E-01 -1.4184E+06
377 9.8585E+00 2.7666E+00 8.3564E+00 -7.7942E-01 4.9902E-01 -1.4221E+06
378 9.8773E+00 2.7611E+00 8.3545E+00 -7.7800E-01 4.9902E-01 -1.4242E+06
379 9.8962E+00 2.7555E+00 8.3525E+00 -7.7657E-01 4.9902E-01 -1.4290E+06
380 9.9150E+00 2.7499E+00 8.3505E+00 -7.7514E-01 4.9903E-01 -1.4326E+06
381 9.9340E+00 2.7442E+00 8.3485E+00 -7.7369E-01 4.9901E-01 -1.4380E+06
382 9.9529E+00 2.7385E+00 8.3464E+00 -7.7224E-01 4.9902E-01 -1.4378E+06
383 9.9719E+00 2.7328E+00 8.3444E+00 -7.7078E-01 4.9902E-01 -1.4450E+06
384 9.9910E+00 2.7270E+00 8.3423E+00 -7.6932E-01 4.9902E-01 -1.4459E+06
385 1.0010E+01 2.7211E+00 8.3402E+00 -7.6785E-01 4.9901E-01 -1.4512E+06
386 1.0029E+01 2.7151E+00 8.3381E+00 -7.6637E-01 4.9902E-01 -1.4518E+06
387 1.0039E+01 2.7121E+00 8.3371E+00 -7.6526E-01 4.9902E-01 -1.4605E+06
388 1.0048E+01 2.7091E+00 8.3360E+00 -7.6451E-01 4.9902E-01 -1.4597E+06
389 1.0058E+01 2.7061E+00 8.3349E+00 -7.6377E-01 4.9902E-01 -1.4612E+06
390 1.0067E+01 2.7031E+00 8.3338E+00 -7.6302E-01 4.9902E-01 -1.4625E+06
391 1.0077E+01 2.7001E+00 8.3327E+00 -7.6226E-01 4.9902E-01 -1.4673E+06
392 1.0087E+01 2.6970E+00 8.3317E+00 -7.6151E-01 4.9902E-01 -1.4675E+06
393 1.0096E+01 2.6940E+00 8.3306E+00 -7.6075E-01 4.9902E-01 -1.4679E+06
394 1.0106E+01 2.6909E+00 8.3295E+00 -7.5999E-01 4.9902E-01 -1.4705E+06
395 1.0116E+01 2.6878E+00 8.3284E+00 -7.5923E-01 4.9901E-01 -1.4755E+06
396 1.0125E+01 2.6847E+00 8.3273E+00 -7.5847E-01 4.9901E-01 -1.4743E+06
397 1.0135E+01 2.6816E+00 8.3261E+00 -7.5770E-01 4.9902E-01 -1.4754E+06
398 1.0145E+01 2.6784E+00 8.3250E+00 -7.5694E-01 4.9902E-01 -1.4794E+06
399 1.0154E+01 2.6753E+00 8.3239E+00 -7.5617E-01 4.9902E-01 -1.4826E+06
400 1.0164E+01 2.6721E+00 8.3228E+00 -7.5540E-01 4.9902E-01 -1.4814E+06
401 1.0174E+01 2.6689E+00 8.3216E+00 -7.5462E-01 4.9902E-01 -1.4837E+06
402 1.0183E+01 2.6657E+00 8.3205E+00 -7.5385E-01 4.9902E-01 -1.4864E+06
403 1.0193E+01 2.6625E+00 8.3193E+00 -7.5307E-01 4.9903E-01 -1.4896E+06
404 1.0203E+01 2.6593E+00 8.3182E+00 -7.5229E-01 4.9903E-01 -1.4932E+06
405 1.0212E+01 2.6560E+00 8.3170E+00 -7.5150E-01 4.9903E-01 -1.4928E+06
406 1.0222E+01 2.6527E+00 8.3158E+00 -7.5072E-01 4.9903E-01 -1.4970E+06
407 1.0232E+01 2.6495E+00 8.3147E+00 -7.4993E-01 4.9902E-01 -1.4990E+06
408 1.0242E+01 2.6460E+00 8.3135E+00 -7.4914E-01 4.9901E-01 -1.4965E+06
409 1.0252E+01 2.6428E+00 8.3123E+00 -7.4835E-01 4.9901E-01 -1.5063E+06
410 1.0261E+01 2.6394E+00 8.3111E+00 -7.4755E-01 4.9902E-01 -1.5009E+06
411 1.0271E+01 2.6361E+00 8.3099E+00 -7.4675E-01 4.9902E-01 -1.5093E+06
412 1.0281E+01 2.6327E+00 8.3087E+00 -7.4595E-01 4.9902E-01 -1.5087E+06
413 1.0291E+01 2.6293E+00 8.3075E+00 -7.4515E-01 4.9902E-01 -1.5068E+06
414 1.0301E+01 2.6259E+00 8.3063E+00 -7.4435E-01 4.9902E-01 -1.5156E+06
415 1.0310E+01 2.6225E+00 8.3051E+00 -7.4354E-01 4.9903E-01 -1.5169E+06
416 1.0320E+01 2.6190E+00 8.3039E+00 -7.4273E-01 4.9902E-01 -1.5167E+06
417 1.0330E+01 2.6155E+00 8.3026E+00 -7.4191E-01 4.9902E-01 -1.5175E+06
418 1.0340E+01 2.6120E+00 8.3014E+00 -7.4110E-01 4.9902E-01 -1.5243E+06
419 1.0350E+01 2.6086E+00 8.3001E+00 -7.4028E-01 4.9902E-01 -1.5274E+06
420 1.0360E+01 2.6050E+00 8.2989E+00 -7.3946E-01 4.9901E-01 -1.5241E+06
421 1.0369E+01 2.6014E+00 8.2976E+00 -7.3863E-01 4.9901E-01 -1.5291E+06
422 1.0379E+01 2.5979E+00 8.2963E+00 -7.3780E-01 4.9902E-01 -1.5301E+06
423 1.0389E+01 2.5943E+00 8.2951E+00 -7.3697E-01 4.9902E-01 -1.5363E+06
424 1.0399E+01 2.5907E+00 8.2938E+00 -7.3614E-01 4.9902E-01 -1.5337E+06
425 1.0409E+01 2.5870E+00 8.2925E+00 -7.3531E-01 4.9902E-01 -1.5366E+06
426 1.0419E+01 2.5834E+00 8.2912E+00 -7.3447E-01 4.9901E-01 -1.5438E+06
427 1.0429E+01 2.5797E+00 8.2899E+00 -7.3362E-01 4.9901E-01 -1.5412E+06
428 1.0439E+01 2.5760E+00 8.2886E+00 -7.3278E-01 4.9902E-01 -1.5438E+06
429 1.0449E+01 2.5723E+00 8.2872E+00 -7.3193E-01 4.9902E-01 -1.5476E+06
430 1.0459E+01 2.5685E+00 8.2859E+00 -7.3108E-01 4.9901E-01 -1.5520E+06
431 1.0469E+01 2.5647E+00 8.2846E+00 -7.3023E-01 4.9902E-01 -1.5509E+06
432 1.0479E+01 2.5609E+00 8.2832E+00 -7.2937E-01 4.9901E-01 -1.5529E+06
433 1.0489E+01 2.5571E+00 8.2819E+00 -7.2851E-01 4.9901E-01 -1.5588E+06
434 1.0499E+01 2.5533E+00 8.2805E+00 -7.2764E-01 4.9902E-01 -1.5599E+06
435 1.0509E+01 2.5494E+00 8.2791E+00 -7.2678E-01 4.9901E-01 -1.5637E+06
436 1.0519E+01 2.5455E+00 8.2777E+00 -7.2591E-01 4.9902E-01 -1.5616E+06
437 1.0529E+01 2.5416E+00 8.2764E+00 -7.2503E-01 4.9901E-01 -1.5705E+06
438 1.0539E+01 2.5377E+00 8.2749E+00 -7.2415E-01 4.9902E-01 -1.5660E+06
439 1.0549E+01 2.5337E+00 8.2735E+00 -7.2327E-01 4.9902E-01 -1.5729E+06
440 1.0559E+01 2.5297E+00 8.2721E+00 -7.2239E-01 4.9902E-01 -1.5762E+06
441 1.0569E+01 2.5257E+00 8.2707E+00 -7.2150E-01 4.9902E-01 -1.5754E+06
442 1.0579E+01 2.5217E+00 8.2693E+00 -7.2061E-01 4.9901E-01 -1.5817E+06
443 1.0589E+01 2.5176E+00 8.2678E+00 -7.1971E-01 4.9902E-01 -1.5828E+06
444 1.0599E+01 2.5135E+00 8.2664E+00 -7.1881E-01 4.9902E-01 -1.5854E+06
445 1.0610E+01 2.5094E+00 8.2649E+00 -7.1791E-01 4.9902E-01 -1.5857E+06
446 1.0620E+01 2.5052E+00 8.2634E+00 -7.1701E-01 4.9902E-01 -1.5895E+06
447 1.0630E+01 2.5010E+00 8.2619E+00 -7.1609E-01 4.9901E-01 -1.5965E+06
448 1.0640E+01 2.4968E+00 8.2604E+00 -7.1518E-01 4.9901E-01 -1.5928E+06
449 1.0650E+01 2.4926E+00 8.2589E+00 -7.1426E-01 4.9902E-01 -1.6009E+06
450 1.0660E+01 2.4883E+00 8.2574E+00 -7.1334E-01 4.9902E-01 -1.6004E+06
451 1.0670E+01 2.4840E+00 8.2559E+00 -7.1241E-01 4.9902E-01 -1.6023E+06
452 1.0681E+01 2.4796E+00 8.2543E+00 -7.1148E-01 4.9902E-01 -1.6066E+06
453 1.0691E+01 2.4753E+00 8.2528E+00 -7.1055E-01 4.9902E-01 -1.6110E+06
454 1.0701E+01 2.4709E+00 8.2512E+00 -7.0961E-01 4.9901E-01 -1.6138E+06
455 1.0711E+01 2.4664E+00 8.2496E+00 -7.0867E-01 4.9902E-01 -1.6123E+06
456 1.0721E+01 2.4620E+00 8.2481E+00 -7.0772E-01 4.9902E-01 -1.6187E+06
457 1.0732E+01 2.4575E+00 8.2465E+00 -7.0677E-01 4.9902E-01 -1.6208E+06
458 1.0742E+01 2.4529E+00 8.2448E+00 -7.0581E-01 4.9902E-01 -1.6227E+06
459 1.0752E+01 2.4484E+00 8.2432E+00 -7.0485E-01 4.9902E-01 -1.6290E+06
460 1.0762E+01 2.4438E+00 8.2416E+00 -7.0388E-01 4.9901E-01 -1.6283E+06
461 1.0773E+01 2.4391E+00 8.2399E+00 -7.0291E-01 4.9902E-01 -1.6318E+06
462 1.0783E+01 2.4344E+00 8.2383E+00 -7.0194E-01 4.9901E-01 -1.6359E+06
463 1.0792E+01 2.4302E+00 8.2368E+00 -7.0101E-01 4.9901E-01 -1.6377E+06
464 1.0801E+01 2.4260E+00 8.2353E+00 -7.0013E-01 4.9901E-01 -1.6400E+06
465 1.0810E+01 2.4218E+00 8.2338E+00 -6.9925E-01 4.9902E-01 -1.6462E+06
466 1.0820E+01 2.4174E+00 8.2322E+00 -6.9837E-01 4.9901E-01 -1.6430E+06
467 1.0829E+01 2.4131E+00 8.2307E+00 -6.9748E-01 4.9902E-01 -1.6516E+06
468 1.0838E+01 2.4088E+00 8.2292E+00 -6.9658E-01 4.9901E-01 -1.6519E+06
469 1.0847E+01 2.4044E+00 8.2276E+00 -6.9569E-01 4.9901E-01 -1.6538E+06
470 1.0856E+01 2.4000E+00 8.2261E+00 -6.9478E-01 4.9902E-01 -1.6585E+06
471 1.0866E+01 2.3955E+00 8.2245E+00 -6.9388E-01 4.9902E-01 -1.6579E+06
472 1.0875E+01 2.3910E+00 8.2229E+00 -6.9297E-01 4.9901E-01 -1.6646E+06
473 1.0884E+01 2.3865E+00 8.2213E+00 -6.9205E-01 4.9901E-01 -1.6666E+06
474 1.0893E+01 2.3819E+00 8.2196E+00 -6.9113E-01 4.9902E-01 -1.6673E+06
475 1.0903E+01 2.3773E+00 8.2180E+00 -6.9021E-01 4.9902E-01 -1.6699E+06
476 1.0912E+01 2.3727E+00 8.2164E+00 -6.8928E-01 4.9901E-01 -1.6779E+06
477 1.0921E+01 2.3680E+00 8.2147E+00 -6.8834E-01 4.9901E-01 -1.6758E+06
478 1.0931E+01 2.3633E+00 8.2130E+00 -6.8740E-01 4.9902E-01 -1.6793E+06
479 1.0940E+01 2.3586E+00 8.2114E+00 -6.8646E-01 4.9901E-01 -1.6855E+06
480 1.0949E+01 2.3538E+00 8.2097E+00 -6.8551E-01 4.9901E-01 -1.6852E+06
481 1.0958E+01 2.3490E+00 8.2080E+00 -6.8456E-01 4.9901E-01 -1.6896E+06
482 1.0968E+01 2.3441E+00 8.2062E+00 -6.8360E-01 4.9902E-01 -1.6922E+06
483 1.0977E+01 2.3392E+00 8.2045E+00 -6.8264E-01 4.9901E-01 -1.6977E+06
484 1.0986E+01 2.3343E+00 8.2027E+00 -6.8167E-01 4.9901E-01 -1.6964E+06
485 1.0996E+01 2.3293E+00 8.2010E+00 -6.8069E-01 4.9902E-01 -1.7025E+06
486 1.1005E+01 2.3242E+00 8.1992E+00 -6.7971E-01 4.9901E-01 -1.7050E+06
487 1.1014E+01 2.3192E+00 8.1974E+00 -6.7873E-01 4.9901E-01 -1.7094E+06
488 1.1024E+01 2.3140E+00 8.1956E+00 -6.7774E-01 4.9902E-01 -1.7102E+06
489 1.1033E+01 2.3088E+00 8.1937E+00 -6.7674E-01 4.9901E-01 -1.7138E+06
490 1.1043E+01 2.3036E+00 8.1919E+00 -6.7574E-01 4.9902E-01 -1.7186E+06
491 1.1052E+01 2.2984E+00 8.1900E+00 -6.7473E-01 4.9902E-01 -1.7203E+06
492 1.1061E+01 2.2931E+00 8.1881E+00 -6.7371E-01 4.9901E-01 -1.7258E+06
493 1.1071E+01 2.2877E+00 8.1862E+00 -6.7269E-01 4.9901E-01 -1.7274E+06
494 1.1080E+01 2.2823E+00 8.1843E+00 -6.7167E-01 4.9901E-01 -1.7306E+06
495 1.1090E+01 2.2768E+00 8.1823E+00 -6.7063E-01 4.9902E-01 -1.7339E+06
496 1.1099E+01 2.2713E+00 8.1804E+00 -6.6959E-01 4.9902E-01 -1.7391E+06
497 1.1108E+01 2.2657E+00 8.1784E+00 -6.6855E-01 4.9902E-01 -1.7410E+06
498 1.1118E+01 2.2601E+00 8.1764E+00 -6.6749E-01 4.9902E-01 -1.7443E+06
499 1.1127E+01 2.2544E+00 8.1744E+00 -6.6643E-01 4.9901E-01 -1.7492E+06
500 1.1137E+01 2.2486E+00 8.1724E+00 -6.6536E-01 4.9901E-01 -1.7519E+06
501 1.1146E+01 2.2428E+00 8.1703E+00 -6.6429E-01 4.9901E-01 -1.7553E+06
502 1.1156E+01 2.2370E+00 8.1682E+00 -6.6321E-01 4.9901E-01 -1.7599E+06
503 1.1165E+01 2.2310E+00 8.1661E+00 -6.6212E-01 4.9901E-01 -1.7618E+06
504 1.1175E+01 2.2250E+00 8.1640E+00 -6.6102E-01 4.9901E-01 -1.7674E+06
505 1.1184E+01 2.2190E+00 8.1618E+00 -6.5992E-01 4.9902E-01 -1.7687E+06
506 1.1194E+01 2.2129E+00 8.1597E+00 -6.5880E-01 4.9901E-01 -1.7755E+06
507 1.1203E+01 2.2066E+00 8.1575E+00 -6.5768E-01 4.9902E-01 -1.7770E+06
508 1.1213E+01 2.2004E+00 8.1552E+00 -6.5655E-01 4.9902E-01 -1.7810E+06
509 1.1222E+01 2.1940E+00 8.1530E+00 -6.5542E-01 4.9901E-01 -1.7861E+06
510 1.1232E+01 2.1877E+00 8.1507E+00 -6.5427E-01 4.9902E-01 -1.7900E+06
511 1.1241E+01 2.1811E+00 8.1484E+00 -6.5312E-01 4.9902E-01 -1.7916E+06
512 1.1251E+01 2.1746E+00 8.1461E+00 -6.5195E-01 4.9902E-01 -1.7974E+06
513 1.1260E+01 2.1679E+00 8.1437E+00 -6.5078E-01 4.9902E-01 -1.8017E+06
514 1.1270E+01 2.1612E+00 8.1413E+00 -6.4960E-01 4.9902E-01 -1.8049E+06
515 1.1280E+01 2.1544E+00 8.1389E+00 -6.4840E-01 4.9902E-01 -1.8106E+06
516 1.1289E+01 2.1475E+00 8.1365E+00 -6.4720E-01 4.9902E-01 -1.8145E+06
517 1.1299E+01 2.1405E+00 8.1340E+00 -6.4599E-01 4.9901E-01 -1.8190E+06
518 1.1308E+01 2.1334E+00 8.1315E+00 -6.4477E-01 4.9901E-01 -1.8212E+06
519 1.1318E+01 2.1263E+00 8.1290E+00 -6.4353E-01 4.9902E-01 -1.8272E+06
520 1.1328E+01 2.1190E+00 8.1264E+00 -6.4229E-01 4.9902E-01 -1.8309E+06
521 1.1337E+01 2.1117E+00 8.1237E+00 -6.4103E-01 4.9902E-01 -1.8346E+06
522 1.1347E+01 2.1042E+00 8.1211E+00 -6.3977E-01 4.9902E-01 -1.8399E+06
523 1.1357E+01 2.0967E+00 8.1184E+00 -6.3849E-01 4.9903E-01 -1.8448E+06
524 1.1366E+01 2.0890E+00 8.1157E+00 -6.3720E-01 4.9903E-01 -1.8480E+06
525 1.1376E+01 2.0812E+00 8.1129E+00 -6.3590E-01 4.9903E-01 -1.8549E+06
526 1.1386E+01 2.0733E+00 8.1101E+00 -6.3458E-01 4.9902E-01 -1.8586E+06
527 1.1395E+01 2.0652E+00 8.1073E+00 -6.3325E-01 4.9902E-01 -1.8648E+06
528 1.1405E+01 2.0568E+00 8.1045E+00 -6.3191E-01 4.9901E-01 -1.8679E+06
529 1.1415E+01 2.0478E+00 8.1017E+00 -6.3055E-01 4.9900E-01 -1.8733E+06
530 1.1424E+01 2.0381E+00 8.0990E+00 -6.2918E-01 4.9900E-01 -1.8783E+06
531 1.1434E+01 2.0276E+00 8.0963E+00 -6.2779E-01 4.9900E-01 -1.8831E+06
532 1.1444E+01 2.0167E+00 8.0936E+00 -6.2637E-01 4.9900E-01 -1.8878E+06
533 1.1453E+01 2.0056E+00 8.0909E+00 -6.2494E-01 4.9900E-01 -1.8944E+06
534 1.1463E+01 1.9941E+00 8.0882E+00 -6.2348E-01 4.9900E-01 -1.8984E+06
535 1.1473E+01 1.9823E+00 8.0854E+00 -6.2199E-01 4.9900E-01 -1.9047E+06
536 1.1483E+01 1.9703E+00 8.0826E+00 -6.2048E-01 4.9900E-01 -1.9100E+06
537 1.1492E+01 1.9579E+00 8.0798E+00 -6.1894E-01 4.9900E-01 -1.9153E+06
538 1.1502E+01 1.9453E+00 8.0769E+00 -6.1737E-01 4.9900E-01 -1.9222E+06
539 1.1512E+01 1.9324E+00 8.0740E+00 -6.1577E-01 4.9900E-01 -1.9278E+06
540 1.1522E+01 1.9191E+00 8.0711E+00 -6.1414E-01 4.9900E-01 -1.9336E+06
541 1.1532E+01 1.9054E+00 8.0681E+00 -6.1248E-01 4.9900E-01 -1.9399E+06
542 1.1541E+01 1.8914E+00 8.0650E+00 -6.1078E-01 4.9900E-01 -1.9472E+06
543 1.1551E+01 1.8770E+00 8.0620E+00 -6.0904E-01 4.9900E-01 -1.9532E+06
544 1.1561E+01 1.8621E+00 8.0588E+00 -6.0727E-01 4.9900E-01 -1.9601E+06
545 1.1571E+01 1.8468E+00 8.0557E+00 -6.0546E-01 4.9900E-01 -1.9670E+06
546 1.1581E+01 1.8311E+00 8.0525E+00 -6.0360E-01 4.9900E-01 -1.9748E+06
547 1.1591E+01 1.8148E+00 8.0492E+00 -6.0170E-01 4.9900E-01 -1.9817E+06
548 1.1600E+01 1.7979E+00 8.0459E+00 -5.9975E-01 4.9900E-01 -1.9896E+06
549 1.1610E+01 1.7805E+00 8.0426E+00 -5.9774E-01 4.9900E-01 -1.9974E+06
550 1.1620E+01 1.7625E+00 8.0392E+00 -5.9569E-01 4.9900E-01 -2.0063E+06
551 1.1630E+01 1.7437E+00 8.0358E+00 -5.9357E-01 4.9900E-01 -2.0138E+06
552 1.1640E+01 1.7243E+00 8.0323E+00 -5.9140E-01 4.9900E-01 -2.0234E+06
553 1.1650E+01 1.7041E+00 8.0288E+00 -5.8915E-01 4.9900E-01 -2.0319E+06
554 1.1660E+01 1.6830E+00 8.0252E+00 -5.8683E-01 4.9900E-01 -2.0419E+06
555 1.1670E+01 1.6611E+00 8.0216E+00 -5.8444E-01 4.9900E-01 -2.0517E+06
556 1.1679E+01 1.6382E+00 8.0179E+00 -5.8196E-01 4.9900E-01 -2.0618E+06
557 1.1689E+01 1.6144E+00 8.0142E+00 -5.7939E-01 4.9900E-01 -2.0724E+06
558 1.1699E+01 1.5891E+00 8.0105E+00 -5.7672E-01 4.9900E-01 -2.0839E+06
559 1.1704E+01 1.5761E+00 8.0086E+00 -5.7466E-01 4.9900E-01 -2.0928E+06
560 1.1709E+01 1.5625E+00 8.0068E+00 -5.7324E-01 4.9900E-01 -2.0994E+06
561 1.1714E+01 1.5485E+00 8.0049E+00 -5.7179E-01 4.9900E-01 -2.1048E+06
562 1.1719E+01 1.5341E+00 8.0030E+00 -5.7031E-01 4.9900E-01 -2.1119E+06
563 1.1724E+01 1.5194E+00 8.0011E+00 -5.6879E-01 4.9900E-01 -2.1184E+06
564 1.1729E+01 1.5043E+00 7.9992E+00 -5.6724E-01 4.9900E-01 -2.1246E+06
565 1.1734E+01 1.4887E+00 7.9973E+00 -5.6564E-01 4.9900E-01 -2.1321E+06
566 1.1739E+01 1.4727E+00 7.9954E+00 -5.6401E-01 4.9900E-01 -2.1394E+06
567 1.1744E+01 1.4561E+00 7.9935E+00 -5.6234E-01 4.9900E-01 -2.1471E+06
568 1.1749E+01 1.4390E+00 7.9916E+00 -5.6061E-01 4.9900E-01 -2.1543E+06
569 1.1754E+01 1.4213E+00 7.9897E+00 -5.5885E-01 4.9900E-01 -2.1628E+06
570 1.1759E+01 1.4030E+00 7.9878E+00 -5.5702E-01 4.9900E-01 -2.1710E+06
571 1.1764E+01 1.3840E+00 7.9858E+00 -5.5515E-01 4.9900E-01 -2.1792E+06
572 1.1769E+01 1.3644E+00 7.9839E+00 -5.5321E-01 4.9900E-01 -2.1886E+06
573 1.1774E+01 1.3440E+00 7.9820E+00 -5.5122E-01 4.9900E-01 -2.1976E+06
574 1.1779E+01 1.3228E+00 7.9801E+00 -5.4915E-01 4.9900E-01 -2.2072E+06
575 1.1784E+01 1.3008E+00 7.9782E+00 -5.4701E-01 4.9900E-01 -2.2176E+06
576 1.1789E+01 1.2779E+00 7.9763E+00 -5.4479E-01 4.9900E-01 -2.2278E+06
577 1.1794E+01 1.2540E+00 7.9744E+00 -5.4249E-01 4.9900E-01 -2.2388E+06
578 1.1799E+01 1.2289E+00 7.9725E+00 -5.4010E-01 4.9900E-01 -2.2504E+06
579 1.1804E+01 1.2019E+00 7.9707E+00 -5.3760E-01 4.9900E-01 -2.2628E+06
580 1.1809E+01 1.1710E+00 7.9690E+00 -5.3499E-01 4.9900E-01 -2.2750E+06
581 1.1814E+01 1.1315E+00 7.9679E+00 -5.3224E-01 4.9900E-01 -2.2885E+06
582 1.1819E+01 1.0782E+00 7.9674E+00 -5.2928E-01 4.9900E-01 -2.3037E+06
583 1.1824E+01 1.0235E+00 7.9667E+00 -5.2601E-01 4.9900E-01 -2.3195E+06
584 1.1829E+01 9.8331E-01 7.9650E+00 -5.2239E-01 4.9900E-01 -2.3379E+06
585 1.1834E+01 9.4296E-01 7.9632E+00 -5.1851E-01 4.9900E-01 -2.3577E+06
586 1.1837E+01 9.2137E-01 7.9624E+00 -5.1542E-01 4.9900E-01 -2.3738E+06
587 1.1839E+01 8.9899E-01 7.9616E+00 -5.1328E-01 4.9900E-01 -2.3848E+06
588 1.1842E+01 8.7608E-01 7.9607E+00 -5.1105E-01 4.9900E-01 -2.3955E+06
589 1.1844E+01 8.5213E-01 7.9599E+00 -5.0874E-01 4.9900E-01 -2.4086E+06
590 1.1846E+01 8.3897E-01 7.9596E+00 -5.0695E-01 4.9900E-01 -2.4160E+06
591 1.1847E+01 8.2508E-01 7.9592E+00 -5.0573E-01 4.9900E-01 -2.4252E+06
592 1.1848E+01 8.1069E-01 7.9589E+00 -5.0447E-01 4.9900E-01 -2.4309E+06
593 1.1849E+01 7.9624E-01 7.9585E+00 -5.0318E-01 4.9900E-01 -2.4376E+06
594 1.1851E+01 7.8171E-01 7.9582E+00 -5.0186E-01 4.9900E-01 -2.4439E+06
